#################################################################
# Digitisation parameter for STS
# For geometry file sts_Standard_s3055AAFK5.Florian.geo
# 0 hybrid stations, 8 strip stations
#
# Format:
# StationNr global_rot nSectors
# sect iType x0        y0       angle    lx       ly      dx       dy     stereo
#################################################################
[CbmTutorialDetDigiPar]
//-------------------------------------------------------------
CbmTutorialDetDigiStations: i 8
CbmTutorialDetDigiSectorsPerStation: i 84, 88, 60, 72, 100, 100, 120, 132
CbmTutorialDetDigiPar: fBin  \
                  1.0, 0.0, 84.0, \
                  1.0,   3.0,    3.650,     1.000,      0.0,    4.70,     2.00,   0.0060,   0.0000,    15.0, \
                  2.0,   3.0,    3.000,     3.000,      0.0,    6.00,     2.00,   0.0060,   0.0000,    15.0, \
                  3.0,   3.0,    3.000,     5.000,      0.0,    6.00,     2.00,   0.0060,   0.0000,    15.0, \
                  4.0,   3.0,    3.000,     7.000,      0.0,    6.00,     2.00,   0.0060,   0.0000,    15.0, \
                  5.0,   3.0,    3.000,     9.000,      0.0,    6.00,     2.00,   0.0060,   0.0000,    15.0, \
                  6.0,   3.0,    3.000,    12.000,      0.0,    6.00,     4.00,   0.0060,   0.0000,    15.0, \
                  7.0,   3.0,    9.000,     1.000,      0.0,    6.00,     2.00,   0.0060,   0.0000,    15.0, \
                  8.0,   3.0,    9.000,     3.000,      0.0,    6.00,     2.00,   0.0060,   0.0000,    15.0, \
                  9.0,   3.0,    9.000,     5.000,      0.0,    6.00,     2.00,   0.0060,   0.0000,    15.0, \
                 10.0,   3.0,    9.000,     7.000,      0.0,    6.00,     2.00,   0.0060,   0.0000,    15.0, \
                 11.0,   3.0,    9.000,     9.000,      0.0,    6.00,     2.00,   0.0060,   0.0000,    15.0, \
                 12.0,   3.0,    9.000,    12.000,      0.0,    6.00,     4.00,   0.0060,   0.0000,    15.0, \
                 13.0,   3.0,   15.000,     1.000,      0.0,    6.00,     2.00,   0.0060,   0.0000,    15.0, \
                 14.0,   3.0,   15.000,     3.000,      0.0,    6.00,     2.00,   0.0060,   0.0000,    15.0, \
                 15.0,   3.0,   15.000,     5.000,      0.0,    6.00,     2.00,   0.0060,   0.0000,    15.0, \
                 16.0,   3.0,   15.000,     7.000,      0.0,    6.00,     2.00,   0.0060,   0.0000,    15.0, \
                 17.0,   3.0,   15.000,    10.000,      0.0,    6.00,     4.00,   0.0060,   0.0000,    15.0, \
                 18.0,   3.0,   21.000,     1.000,      0.0,    6.00,     2.00,   0.0060,   0.0000,    15.0, \
                 19.0,   3.0,   21.000,     3.000,      0.0,    6.00,     2.00,   0.0060,   0.0000,    15.0, \
                 20.0,   3.0,   21.000,     5.000,      0.0,    6.00,     2.00,   0.0060,   0.0000,    15.0, \
                 21.0,   3.0,   21.000,     8.000,      0.0,    6.00,     4.00,   0.0060,   0.0000,    15.0, \
                 22.0,   3.0,   -3.650,     1.000,      0.0,    4.70,     2.00,   0.0060,   0.0000,    15.0, \
                 23.0,   3.0,   -3.000,     3.000,      0.0,    6.00,     2.00,   0.0060,   0.0000,    15.0, \
                 24.0,   3.0,   -3.000,     5.000,      0.0,    6.00,     2.00,   0.0060,   0.0000,    15.0, \
                 25.0,   3.0,   -3.000,     7.000,      0.0,    6.00,     2.00,   0.0060,   0.0000,    15.0, \
                 26.0,   3.0,   -3.000,     9.000,      0.0,    6.00,     2.00,   0.0060,   0.0000,    15.0, \
                 27.0,   3.0,   -3.000,    12.000,      0.0,    6.00,     4.00,   0.0060,   0.0000,    15.0, \
                 28.0,   3.0,   -9.000,     1.000,      0.0,    6.00,     2.00,   0.0060,   0.0000,    15.0, \
                 29.0,   3.0,   -9.000,     3.000,      0.0,    6.00,     2.00,   0.0060,   0.0000,    15.0, \
                 30.0,   3.0,   -9.000,     5.000,      0.0,    6.00,     2.00,   0.0060,   0.0000,    15.0, \
                 31.0,   3.0,   -9.000,     7.000,      0.0,    6.00,     2.00,   0.0060,   0.0000,    15.0, \
                 32.0,   3.0,   -9.000,     9.000,      0.0,    6.00,     2.00,   0.0060,   0.0000,    15.0, \
                 33.0,   3.0,   -9.000,    12.000,      0.0,    6.00,     4.00,   0.0060,   0.0000,    15.0, \
                 34.0,   3.0,  -15.000,     1.000,      0.0,    6.00,     2.00,   0.0060,   0.0000,    15.0, \
                 35.0,   3.0,  -15.000,     3.000,      0.0,    6.00,     2.00,   0.0060,   0.0000,    15.0, \
                 36.0,   3.0,  -15.000,     5.000,      0.0,    6.00,     2.00,   0.0060,   0.0000,    15.0, \
                 37.0,   3.0,  -15.000,     7.000,      0.0,    6.00,     2.00,   0.0060,   0.0000,    15.0, \
                 38.0,   3.0,  -15.000,    10.000,      0.0,    6.00,     4.00,   0.0060,   0.0000,    15.0, \
                 39.0,   3.0,  -21.000,     1.000,      0.0,    6.00,     2.00,   0.0060,   0.0000,    15.0, \
                 40.0,   3.0,  -21.000,     3.000,      0.0,    6.00,     2.00,   0.0060,   0.0000,    15.0, \
                 41.0,   3.0,  -21.000,     5.000,      0.0,    6.00,     2.00,   0.0060,   0.0000,    15.0, \
                 42.0,   3.0,  -21.000,     8.000,      0.0,    6.00,     4.00,   0.0060,   0.0000,    15.0, \
                 43.0,   3.0,    3.650,    -1.000,    180.0,    4.70,     2.00,   0.0060,   0.0000,    15.0, \
                 44.0,   3.0,    3.000,    -3.000,    180.0,    6.00,     2.00,   0.0060,   0.0000,    15.0, \
                 45.0,   3.0,    3.000,    -5.000,    180.0,    6.00,     2.00,   0.0060,   0.0000,    15.0, \
                 46.0,   3.0,    3.000,    -7.000,    180.0,    6.00,     2.00,   0.0060,   0.0000,    15.0, \
                 47.0,   3.0,    3.000,    -9.000,    180.0,    6.00,     2.00,   0.0060,   0.0000,    15.0, \
                 48.0,   3.0,    3.000,   -12.000,    180.0,    6.00,     4.00,   0.0060,   0.0000,    15.0, \
                 49.0,   3.0,    9.000,    -1.000,    180.0,    6.00,     2.00,   0.0060,   0.0000,    15.0, \
                 50.0,   3.0,    9.000,    -3.000,    180.0,    6.00,     2.00,   0.0060,   0.0000,    15.0, \
                 51.0,   3.0,    9.000,    -5.000,    180.0,    6.00,     2.00,   0.0060,   0.0000,    15.0, \
                 52.0,   3.0,    9.000,    -7.000,    180.0,    6.00,     2.00,   0.0060,   0.0000,    15.0, \
                 53.0,   3.0,    9.000,    -9.000,    180.0,    6.00,     2.00,   0.0060,   0.0000,    15.0, \
                 54.0,   3.0,    9.000,   -12.000,    180.0,    6.00,     4.00,   0.0060,   0.0000,    15.0, \
                 55.0,   3.0,   15.000,    -1.000,    180.0,    6.00,     2.00,   0.0060,   0.0000,    15.0, \
                 56.0,   3.0,   15.000,    -3.000,    180.0,    6.00,     2.00,   0.0060,   0.0000,    15.0, \
                 57.0,   3.0,   15.000,    -5.000,    180.0,    6.00,     2.00,   0.0060,   0.0000,    15.0, \
                 58.0,   3.0,   15.000,    -7.000,    180.0,    6.00,     2.00,   0.0060,   0.0000,    15.0, \
                 59.0,   3.0,   15.000,   -10.000,    180.0,    6.00,     4.00,   0.0060,   0.0000,    15.0, \
                 60.0,   3.0,   21.000,    -1.000,    180.0,    6.00,     2.00,   0.0060,   0.0000,    15.0, \
                 61.0,   3.0,   21.000,    -3.000,    180.0,    6.00,     2.00,   0.0060,   0.0000,    15.0, \
                 62.0,   3.0,   21.000,    -5.000,    180.0,    6.00,     2.00,   0.0060,   0.0000,    15.0, \
                 63.0,   3.0,   21.000,    -8.000,    180.0,    6.00,     4.00,   0.0060,   0.0000,    15.0, \
                 64.0,   3.0,   -3.650,    -1.000,    180.0,    4.70,     2.00,   0.0060,   0.0000,    15.0, \
                 65.0,   3.0,   -3.000,    -3.000,    180.0,    6.00,     2.00,   0.0060,   0.0000,    15.0, \
                 66.0,   3.0,   -3.000,    -5.000,    180.0,    6.00,     2.00,   0.0060,   0.0000,    15.0, \
                 67.0,   3.0,   -3.000,    -7.000,    180.0,    6.00,     2.00,   0.0060,   0.0000,    15.0, \
                 68.0,   3.0,   -3.000,    -9.000,    180.0,    6.00,     2.00,   0.0060,   0.0000,    15.0, \
                 69.0,   3.0,   -3.000,   -12.000,    180.0,    6.00,     4.00,   0.0060,   0.0000,    15.0, \
                 70.0,   3.0,   -9.000,    -1.000,    180.0,    6.00,     2.00,   0.0060,   0.0000,    15.0, \
                 71.0,   3.0,   -9.000,    -3.000,    180.0,    6.00,     2.00,   0.0060,   0.0000,    15.0, \
                 72.0,   3.0,   -9.000,    -5.000,    180.0,    6.00,     2.00,   0.0060,   0.0000,    15.0, \
                 73.0,   3.0,   -9.000,    -7.000,    180.0,    6.00,     2.00,   0.0060,   0.0000,    15.0, \
                 74.0,   3.0,   -9.000,    -9.000,    180.0,    6.00,     2.00,   0.0060,   0.0000,    15.0, \
                 75.0,   3.0,   -9.000,   -12.000,    180.0,    6.00,     4.00,   0.0060,   0.0000,    15.0, \
                 76.0,   3.0,  -15.000,    -1.000,    180.0,    6.00,     2.00,   0.0060,   0.0000,    15.0, \
                 77.0,   3.0,  -15.000,    -3.000,    180.0,    6.00,     2.00,   0.0060,   0.0000,    15.0, \
                 78.0,   3.0,  -15.000,    -5.000,    180.0,    6.00,     2.00,   0.0060,   0.0000,    15.0, \
                 79.0,   3.0,  -15.000,    -7.000,    180.0,    6.00,     2.00,   0.0060,   0.0000,    15.0, \
                 80.0,   3.0,  -15.000,   -10.000,    180.0,    6.00,     4.00,   0.0060,   0.0000,    15.0, \
                 81.0,   3.0,  -21.000,    -1.000,    180.0,    6.00,     2.00,   0.0060,   0.0000,    15.0, \
                 82.0,   3.0,  -21.000,    -3.000,    180.0,    6.00,     2.00,   0.0060,   0.0000,    15.0, \
                 83.0,   3.0,  -21.000,    -5.000,    180.0,    6.00,     2.00,   0.0060,   0.0000,    15.0, \
                 84.0,   3.0,  -21.000,    -8.000,    180.0,    6.00,     4.00,   0.0060,   0.0000,    15.0, \
                  2.0,   0.0,      88.0, \
                  1.0,   3.0,    3.700,     1.000,      0.0,    4.60,     2.00,   0.0060,   0.0000,    15.0, \
                  2.0,   3.0,    3.000,     3.000,      0.0,    6.00,     2.00,   0.0060,   0.0000,    15.0, \
                  3.0,   3.0,    3.000,     5.000,      0.0,    6.00,     2.00,   0.0060,   0.0000,    15.0, \
                  4.0,   3.0,    3.000,     7.000,      0.0,    6.00,     2.00,   0.0060,   0.0000,    15.0, \
                  5.0,   3.0,    3.000,    10.000,      0.0,    6.00,     4.00,   0.0060,   0.0000,    15.0, \
                  6.0,   3.0,    3.000,    15.000,      0.0,    6.00,     6.00,   0.0060,   0.0000,    15.0, \
                  7.0,   3.0,    9.000,     1.000,      0.0,    6.00,     2.00,   0.0060,   0.0000,    15.0, \
                  8.0,   3.0,    9.000,     3.000,      0.0,    6.00,     2.00,   0.0060,   0.0000,    15.0, \
                  9.0,   3.0,    9.000,     5.000,      0.0,    6.00,     2.00,   0.0060,   0.0000,    15.0, \
                 10.0,   3.0,    9.000,     8.000,      0.0,    6.00,     4.00,   0.0060,   0.0000,    15.0, \
                 11.0,   3.0,    9.000,    13.000,      0.0,    6.00,     6.00,   0.0060,   0.0000,    15.0, \
                 12.0,   3.0,   15.000,     1.000,      0.0,    6.00,     2.00,   0.0060,   0.0000,    15.0, \
                 13.0,   3.0,   15.000,     3.000,      0.0,    6.00,     2.00,   0.0060,   0.0000,    15.0, \
                 14.0,   3.0,   15.000,     5.000,      0.0,    6.00,     2.00,   0.0060,   0.0000,    15.0, \
                 15.0,   3.0,   15.000,     8.000,      0.0,    6.00,     4.00,   0.0060,   0.0000,    15.0, \
                 16.0,   3.0,   15.000,    13.000,      0.0,    6.00,     6.00,   0.0060,   0.0000,    15.0, \
                 17.0,   3.0,   21.000,     1.000,      0.0,    6.00,     2.00,   0.0060,   0.0000,    15.0, \
                 18.0,   3.0,   21.000,     3.000,      0.0,    6.00,     2.00,   0.0060,   0.0000,    15.0, \
                 19.0,   3.0,   21.000,     6.000,      0.0,    6.00,     4.00,   0.0060,   0.0000,    15.0, \
                 20.0,   3.0,   21.000,    11.000,      0.0,    6.00,     6.00,   0.0060,   0.0000,    15.0, \
                 21.0,   3.0,   27.000,     2.000,      0.0,    6.00,     4.00,   0.0060,   0.0000,    15.0, \
                 22.0,   3.0,   27.000,     7.000,      0.0,    6.00,     6.00,   0.0060,   0.0000,    15.0, \
                 23.0,   3.0,   -3.700,     1.000,      0.0,    4.60,     2.00,   0.0060,   0.0000,    15.0, \
                 24.0,   3.0,   -3.000,     3.000,      0.0,    6.00,     2.00,   0.0060,   0.0000,    15.0, \
                 25.0,   3.0,   -3.000,     5.000,      0.0,    6.00,     2.00,   0.0060,   0.0000,    15.0, \
                 26.0,   3.0,   -3.000,     7.000,      0.0,    6.00,     2.00,   0.0060,   0.0000,    15.0, \
                 27.0,   3.0,   -3.000,    10.000,      0.0,    6.00,     4.00,   0.0060,   0.0000,    15.0, \
                 28.0,   3.0,   -3.000,    15.000,      0.0,    6.00,     6.00,   0.0060,   0.0000,    15.0, \
                 29.0,   3.0,   -9.000,     1.000,      0.0,    6.00,     2.00,   0.0060,   0.0000,    15.0, \
                 30.0,   3.0,   -9.000,     3.000,      0.0,    6.00,     2.00,   0.0060,   0.0000,    15.0, \
                 31.0,   3.0,   -9.000,     5.000,      0.0,    6.00,     2.00,   0.0060,   0.0000,    15.0, \
                 32.0,   3.0,   -9.000,     8.000,      0.0,    6.00,     4.00,   0.0060,   0.0000,    15.0, \
                 33.0,   3.0,   -9.000,    13.000,      0.0,    6.00,     6.00,   0.0060,   0.0000,    15.0, \
                 34.0,   3.0,  -15.000,     1.000,      0.0,    6.00,     2.00,   0.0060,   0.0000,    15.0, \
                 35.0,   3.0,  -15.000,     3.000,      0.0,    6.00,     2.00,   0.0060,   0.0000,    15.0, \
                 36.0,   3.0,  -15.000,     5.000,      0.0,    6.00,     2.00,   0.0060,   0.0000,    15.0, \
                 37.0,   3.0,  -15.000,     8.000,      0.0,    6.00,     4.00,   0.0060,   0.0000,    15.0, \
                 38.0,   3.0,  -15.000,    13.000,      0.0,    6.00,     6.00,   0.0060,   0.0000,    15.0, \
                 39.0,   3.0,  -21.000,     1.000,      0.0,    6.00,     2.00,   0.0060,   0.0000,    15.0, \
                 40.0,   3.0,  -21.000,     3.000,      0.0,    6.00,     2.00,   0.0060,   0.0000,    15.0, \
                 41.0,   3.0,  -21.000,     6.000,      0.0,    6.00,     4.00,   0.0060,   0.0000,    15.0, \
                 42.0,   3.0,  -21.000,    11.000,      0.0,    6.00,     6.00,   0.0060,   0.0000,    15.0, \
                 43.0,   3.0,  -27.000,     2.000,      0.0,    6.00,     4.00,   0.0060,   0.0000,    15.0, \
                 44.0,   3.0,  -27.000,     7.000,      0.0,    6.00,     6.00,   0.0060,   0.0000,    15.0, \
                 45.0,   3.0,    3.700,    -1.000,    180.0,    4.60,     2.00,   0.0060,   0.0000,    15.0, \
                 46.0,   3.0,    3.000,    -3.000,    180.0,    6.00,     2.00,   0.0060,   0.0000,    15.0, \
                 47.0,   3.0,    3.000,    -5.000,    180.0,    6.00,     2.00,   0.0060,   0.0000,    15.0, \
                 48.0,   3.0,    3.000,    -7.000,    180.0,    6.00,     2.00,   0.0060,   0.0000,    15.0, \
                 49.0,   3.0,    3.000,   -10.000,    180.0,    6.00,     4.00,   0.0060,   0.0000,    15.0, \
                 50.0,   3.0,    3.000,   -15.000,    180.0,    6.00,     6.00,   0.0060,   0.0000,    15.0, \
                 51.0,   3.0,    9.000,    -1.000,    180.0,    6.00,     2.00,   0.0060,   0.0000,    15.0, \
                 52.0,   3.0,    9.000,    -3.000,    180.0,    6.00,     2.00,   0.0060,   0.0000,    15.0, \
                 53.0,   3.0,    9.000,    -5.000,    180.0,    6.00,     2.00,   0.0060,   0.0000,    15.0, \
                 54.0,   3.0,    9.000,    -8.000,    180.0,    6.00,     4.00,   0.0060,   0.0000,    15.0, \
                 55.0,   3.0,    9.000,   -13.000,    180.0,    6.00,     6.00,   0.0060,   0.0000,    15.0, \
                 56.0,   3.0,   15.000,    -1.000,    180.0,    6.00,     2.00,   0.0060,   0.0000,    15.0, \
                 57.0,   3.0,   15.000,    -3.000,    180.0,    6.00,     2.00,   0.0060,   0.0000,    15.0, \
                 58.0,   3.0,   15.000,    -5.000,    180.0,    6.00,     2.00,   0.0060,   0.0000,    15.0, \
                 59.0,   3.0,   15.000,    -8.000,    180.0,    6.00,     4.00,   0.0060,   0.0000,    15.0, \
                 60.0,   3.0,   15.000,   -13.000,    180.0,    6.00,     6.00,   0.0060,   0.0000,    15.0, \
                 61.0,   3.0,   21.000,    -1.000,    180.0,    6.00,     2.00,   0.0060,   0.0000,    15.0, \
                 62.0,   3.0,   21.000,    -3.000,    180.0,    6.00,     2.00,   0.0060,   0.0000,    15.0, \
                 63.0,   3.0,   21.000,    -6.000,    180.0,    6.00,     4.00,   0.0060,   0.0000,    15.0, \
                 64.0,   3.0,   21.000,   -11.000,    180.0,    6.00,     6.00,   0.0060,   0.0000,    15.0, \
                 65.0,   3.0,   27.000,    -2.000,    180.0,    6.00,     4.00,   0.0060,   0.0000,    15.0, \
                 66.0,   3.0,   27.000,    -7.000,    180.0,    6.00,     6.00,   0.0060,   0.0000,    15.0, \
                 67.0,   3.0,   -3.700,    -1.000,    180.0,    4.60,     2.00,   0.0060,   0.0000,    15.0, \
                 68.0,   3.0,   -3.000,    -3.000,    180.0,    6.00,     2.00,   0.0060,   0.0000,    15.0, \
                 69.0,   3.0,   -3.000,    -5.000,    180.0,    6.00,     2.00,   0.0060,   0.0000,    15.0, \
                 70.0,   3.0,   -3.000,    -7.000,    180.0,    6.00,     2.00,   0.0060,   0.0000,    15.0, \
                 71.0,   3.0,   -3.000,   -10.000,    180.0,    6.00,     4.00,   0.0060,   0.0000,    15.0, \
                 72.0,   3.0,   -3.000,   -15.000,    180.0,    6.00,     6.00,   0.0060,   0.0000,    15.0, \
                 73.0,   3.0,   -9.000,    -1.000,    180.0,    6.00,     2.00,   0.0060,   0.0000,    15.0, \
                 74.0,   3.0,   -9.000,    -3.000,    180.0,    6.00,     2.00,   0.0060,   0.0000,    15.0, \
                 75.0,   3.0,   -9.000,    -5.000,    180.0,    6.00,     2.00,   0.0060,   0.0000,    15.0, \
                 76.0,   3.0,   -9.000,    -8.000,    180.0,    6.00,     4.00,   0.0060,   0.0000,    15.0, \
                 77.0,   3.0,   -9.000,   -13.000,    180.0,    6.00,     6.00,   0.0060,   0.0000,    15.0, \
                 78.0,   3.0,  -15.000,    -1.000,    180.0,    6.00,     2.00,   0.0060,   0.0000,    15.0, \
                 79.0,   3.0,  -15.000,    -3.000,    180.0,    6.00,     2.00,   0.0060,   0.0000,    15.0, \
                 80.0,   3.0,  -15.000,    -5.000,    180.0,    6.00,     2.00,   0.0060,   0.0000,    15.0, \
                 81.0,   3.0,  -15.000,    -8.000,    180.0,    6.00,     4.00,   0.0060,   0.0000,    15.0, \
                 82.0,   3.0,  -15.000,   -13.000,    180.0,    6.00,     6.00,   0.0060,   0.0000,    15.0, \
                 83.0,   3.0,  -21.000,    -1.000,    180.0,    6.00,     2.00,   0.0060,   0.0000,    15.0, \
                 84.0,   3.0,  -21.000,    -3.000,    180.0,    6.00,     2.00,   0.0060,   0.0000,    15.0, \
                 85.0,   3.0,  -21.000,    -6.000,    180.0,    6.00,     4.00,   0.0060,   0.0000,    15.0, \
                 86.0,   3.0,  -21.000,   -11.000,    180.0,    6.00,     6.00,   0.0060,   0.0000,    15.0, \
                 87.0,   3.0,  -27.000,    -2.000,    180.0,    6.00,     4.00,   0.0060,   0.0000,    15.0, \
                 88.0,   3.0,  -27.000,    -7.000,    180.0,    6.00,     6.00,   0.0060,   0.0000,    15.0, \
                  3.0,   0.0,      60.0, \
                  1.0,   3.0,    3.750,     1.000,      0.0,    4.50,     2.00,   0.0060,   0.0000,    15.0, \
                  2.0,   3.0,    3.000,     3.000,      0.0,    6.00,     2.00,   0.0060,   0.0000,    15.0, \
                  3.0,   3.0,    3.000,     5.000,      0.0,    6.00,     2.00,   0.0060,   0.0000,    15.0, \
                  4.0,   3.0,    3.000,     8.000,      0.0,    6.00,     4.00,   0.0060,   0.0000,    15.0, \
                  5.0,   3.0,    3.000,    16.000,      0.0,    6.00,    12.00,   0.0060,   0.0000,    15.0, \
                  6.0,   3.0,    9.000,     1.000,      0.0,    6.00,     2.00,   0.0060,   0.0000,    15.0, \
                  7.0,   3.0,    9.000,     3.000,      0.0,    6.00,     2.00,   0.0060,   0.0000,    15.0, \
                  8.0,   3.0,    9.000,     6.000,      0.0,    6.00,     4.00,   0.0060,   0.0000,    15.0, \
                  9.0,   3.0,    9.000,    14.000,      0.0,    6.00,    12.00,   0.0060,   0.0000,    15.0, \
                 10.0,   3.0,   15.000,     1.000,      0.0,    6.00,     2.00,   0.0060,   0.0000,    15.0, \
                 11.0,   3.0,   15.000,     4.000,      0.0,    6.00,     4.00,   0.0060,   0.0000,    15.0, \
                 12.0,   3.0,   15.000,    12.000,      0.0,    6.00,    12.00,   0.0060,   0.0000,    15.0, \
                 13.0,   3.0,   21.000,     2.000,      0.0,    6.00,     4.00,   0.0060,   0.0000,    15.0, \
                 14.0,   3.0,   21.000,    10.000,      0.0,    6.00,    12.00,   0.0060,   0.0000,    15.0, \
                 15.0,   3.0,   27.000,     6.000,      0.0,    6.00,    12.00,   0.0060,   0.0000,    15.0, \
                 16.0,   3.0,   -3.750,     1.000,      0.0,    4.50,     2.00,   0.0060,   0.0000,    15.0, \
                 17.0,   3.0,   -3.000,     3.000,      0.0,    6.00,     2.00,   0.0060,   0.0000,    15.0, \
                 18.0,   3.0,   -3.000,     5.000,      0.0,    6.00,     2.00,   0.0060,   0.0000,    15.0, \
                 19.0,   3.0,   -3.000,     8.000,      0.0,    6.00,     4.00,   0.0060,   0.0000,    15.0, \
                 20.0,   3.0,   -3.000,    16.000,      0.0,    6.00,    12.00,   0.0060,   0.0000,    15.0, \
                 21.0,   3.0,   -9.000,     1.000,      0.0,    6.00,     2.00,   0.0060,   0.0000,    15.0, \
                 22.0,   3.0,   -9.000,     3.000,      0.0,    6.00,     2.00,   0.0060,   0.0000,    15.0, \
                 23.0,   3.0,   -9.000,     6.000,      0.0,    6.00,     4.00,   0.0060,   0.0000,    15.0, \
                 24.0,   3.0,   -9.000,    14.000,      0.0,    6.00,    12.00,   0.0060,   0.0000,    15.0, \
                 25.0,   3.0,  -15.000,     1.000,      0.0,    6.00,     2.00,   0.0060,   0.0000,    15.0, \
                 26.0,   3.0,  -15.000,     4.000,      0.0,    6.00,     4.00,   0.0060,   0.0000,    15.0, \
                 27.0,   3.0,  -15.000,    12.000,      0.0,    6.00,    12.00,   0.0060,   0.0000,    15.0, \
                 28.0,   3.0,  -21.000,     2.000,      0.0,    6.00,     4.00,   0.0060,   0.0000,    15.0, \
                 29.0,   3.0,  -21.000,    10.000,      0.0,    6.00,    12.00,   0.0060,   0.0000,    15.0, \
                 30.0,   3.0,  -27.000,     6.000,      0.0,    6.00,    12.00,   0.0060,   0.0000,    15.0, \
                 31.0,   3.0,    3.750,    -1.000,    180.0,    4.50,     2.00,   0.0060,   0.0000,    15.0, \
                 32.0,   3.0,    3.000,    -3.000,    180.0,    6.00,     2.00,   0.0060,   0.0000,    15.0, \
                 33.0,   3.0,    3.000,    -5.000,    180.0,    6.00,     2.00,   0.0060,   0.0000,    15.0, \
                 34.0,   3.0,    3.000,    -8.000,    180.0,    6.00,     4.00,   0.0060,   0.0000,    15.0, \
                 35.0,   3.0,    3.000,   -16.000,    180.0,    6.00,    12.00,   0.0060,   0.0000,    15.0, \
                 36.0,   3.0,    9.000,    -1.000,    180.0,    6.00,     2.00,   0.0060,   0.0000,    15.0, \
                 37.0,   3.0,    9.000,    -3.000,    180.0,    6.00,     2.00,   0.0060,   0.0000,    15.0, \
                 38.0,   3.0,    9.000,    -6.000,    180.0,    6.00,     4.00,   0.0060,   0.0000,    15.0, \
                 39.0,   3.0,    9.000,   -14.000,    180.0,    6.00,    12.00,   0.0060,   0.0000,    15.0, \
                 40.0,   3.0,   15.000,    -1.000,    180.0,    6.00,     2.00,   0.0060,   0.0000,    15.0, \
                 41.0,   3.0,   15.000,    -4.000,    180.0,    6.00,     4.00,   0.0060,   0.0000,    15.0, \
                 42.0,   3.0,   15.000,   -12.000,    180.0,    6.00,    12.00,   0.0060,   0.0000,    15.0, \
                 43.0,   3.0,   21.000,    -2.000,    180.0,    6.00,     4.00,   0.0060,   0.0000,    15.0, \
                 44.0,   3.0,   21.000,   -10.000,    180.0,    6.00,    12.00,   0.0060,   0.0000,    15.0, \
                 45.0,   3.0,   27.000,    -6.000,    180.0,    6.00,    12.00,   0.0060,   0.0000,    15.0, \
                 46.0,   3.0,   -3.750,    -1.000,    180.0,    4.50,     2.00,   0.0060,   0.0000,    15.0, \
                 47.0,   3.0,   -3.000,    -3.000,    180.0,    6.00,     2.00,   0.0060,   0.0000,    15.0, \
                 48.0,   3.0,   -3.000,    -5.000,    180.0,    6.00,     2.00,   0.0060,   0.0000,    15.0, \
                 49.0,   3.0,   -3.000,    -8.000,    180.0,    6.00,     4.00,   0.0060,   0.0000,    15.0, \
                 50.0,   3.0,   -3.000,   -16.000,    180.0,    6.00,    12.00,   0.0060,   0.0000,    15.0, \
                 51.0,   3.0,   -9.000,    -1.000,    180.0,    6.00,     2.00,   0.0060,   0.0000,    15.0, \
                 52.0,   3.0,   -9.000,    -3.000,    180.0,    6.00,     2.00,   0.0060,   0.0000,    15.0, \
                 53.0,   3.0,   -9.000,    -6.000,    180.0,    6.00,     4.00,   0.0060,   0.0000,    15.0, \
                 54.0,   3.0,   -9.000,   -14.000,    180.0,    6.00,    12.00,   0.0060,   0.0000,    15.0, \
                 55.0,   3.0,  -15.000,    -1.000,    180.0,    6.00,     2.00,   0.0060,   0.0000,    15.0, \
                 56.0,   3.0,  -15.000,    -4.000,    180.0,    6.00,     4.00,   0.0060,   0.0000,    15.0, \
                 57.0,   3.0,  -15.000,   -12.000,    180.0,    6.00,    12.00,   0.0060,   0.0000,    15.0, \
                 58.0,   3.0,  -21.000,    -2.000,    180.0,    6.00,     4.00,   0.0060,   0.0000,    15.0, \
                 59.0,   3.0,  -21.000,   -10.000,    180.0,    6.00,    12.00,   0.0060,   0.0000,    15.0, \
                 60.0,   3.0,  -27.000,    -6.000,    180.0,    6.00,    12.00,   0.0060,   0.0000,    15.0, \
                  4.0,   0.0,      72.0, \
                  1.0,   3.0,    3.850,     1.000,      0.0,    4.30,     2.00,   0.0060,   0.0000,    15.0, \
                  2.0,   3.0,    3.000,     3.000,      0.0,    6.00,     2.00,   0.0060,   0.0000,    15.0, \
                  3.0,   3.0,    3.000,     6.000,      0.0,    6.00,     4.00,   0.0060,   0.0000,    15.0, \
                  4.0,   3.0,    3.000,    11.000,      0.0,    6.00,     6.00,   0.0060,   0.0000,    15.0, \
                  5.0,   3.0,    3.000,    20.000,      0.0,    6.00,    12.00,   0.0060,   0.0000,    15.0, \
                  6.0,   3.0,    9.000,     1.000,      0.0,    6.00,     2.00,   0.0060,   0.0000,    15.0, \
                  7.0,   3.0,    9.000,     4.000,      0.0,    6.00,     4.00,   0.0060,   0.0000,    15.0, \
                  8.0,   3.0,    9.000,     9.000,      0.0,    6.00,     6.00,   0.0060,   0.0000,    15.0, \
                  9.0,   3.0,    9.000,    18.000,      0.0,    6.00,    12.00,   0.0060,   0.0000,    15.0, \
                 10.0,   3.0,   15.000,     2.000,      0.0,    6.00,     4.00,   0.0060,   0.0000,    15.0, \
                 11.0,   3.0,   15.000,     7.000,      0.0,    6.00,     6.00,   0.0060,   0.0000,    15.0, \
                 12.0,   3.0,   15.000,    16.000,      0.0,    6.00,    12.00,   0.0060,   0.0000,    15.0, \
                 13.0,   3.0,   21.000,     2.000,      0.0,    6.00,     4.00,   0.0060,   0.0000,    15.0, \
                 14.0,   3.0,   21.000,     7.000,      0.0,    6.00,     6.00,   0.0060,   0.0000,    15.0, \
                 15.0,   3.0,   21.000,    16.000,      0.0,    6.00,    12.00,   0.0060,   0.0000,    15.0, \
                 16.0,   3.0,   27.000,     3.000,      0.0,    6.00,     6.00,   0.0060,   0.0000,    15.0, \
                 17.0,   3.0,   27.000,    12.000,      0.0,    6.00,    12.00,   0.0060,   0.0000,    15.0, \
                 18.0,   3.0,   33.000,     6.000,      0.0,    6.00,    12.00,   0.0060,   0.0000,    15.0, \
                 19.0,   3.0,   -3.850,     1.000,      0.0,    4.30,     2.00,   0.0060,   0.0000,    15.0, \
                 20.0,   3.0,   -3.000,     3.000,      0.0,    6.00,     2.00,   0.0060,   0.0000,    15.0, \
                 21.0,   3.0,   -3.000,     6.000,      0.0,    6.00,     4.00,   0.0060,   0.0000,    15.0, \
                 22.0,   3.0,   -3.000,    11.000,      0.0,    6.00,     6.00,   0.0060,   0.0000,    15.0, \
                 23.0,   3.0,   -3.000,    20.000,      0.0,    6.00,    12.00,   0.0060,   0.0000,    15.0, \
                 24.0,   3.0,   -9.000,     1.000,      0.0,    6.00,     2.00,   0.0060,   0.0000,    15.0, \
                 25.0,   3.0,   -9.000,     4.000,      0.0,    6.00,     4.00,   0.0060,   0.0000,    15.0, \
                 26.0,   3.0,   -9.000,     9.000,      0.0,    6.00,     6.00,   0.0060,   0.0000,    15.0, \
                 27.0,   3.0,   -9.000,    18.000,      0.0,    6.00,    12.00,   0.0060,   0.0000,    15.0, \
                 28.0,   3.0,  -15.000,     2.000,      0.0,    6.00,     4.00,   0.0060,   0.0000,    15.0, \
                 29.0,   3.0,  -15.000,     7.000,      0.0,    6.00,     6.00,   0.0060,   0.0000,    15.0, \
                 30.0,   3.0,  -15.000,    16.000,      0.0,    6.00,    12.00,   0.0060,   0.0000,    15.0, \
                 31.0,   3.0,  -21.000,     2.000,      0.0,    6.00,     4.00,   0.0060,   0.0000,    15.0, \
                 32.0,   3.0,  -21.000,     7.000,      0.0,    6.00,     6.00,   0.0060,   0.0000,    15.0, \
                 33.0,   3.0,  -21.000,    16.000,      0.0,    6.00,    12.00,   0.0060,   0.0000,    15.0, \
                 34.0,   3.0,  -27.000,     3.000,      0.0,    6.00,     6.00,   0.0060,   0.0000,    15.0, \
                 35.0,   3.0,  -27.000,    12.000,      0.0,    6.00,    12.00,   0.0060,   0.0000,    15.0, \
                 36.0,   3.0,  -33.000,     6.000,      0.0,    6.00,    12.00,   0.0060,   0.0000,    15.0, \
                 37.0,   3.0,    3.850,    -1.000,    180.0,    4.30,     2.00,   0.0060,   0.0000,    15.0, \
                 38.0,   3.0,    3.000,    -3.000,    180.0,    6.00,     2.00,   0.0060,   0.0000,    15.0, \
                 39.0,   3.0,    3.000,    -6.000,    180.0,    6.00,     4.00,   0.0060,   0.0000,    15.0, \
                 40.0,   3.0,    3.000,   -11.000,    180.0,    6.00,     6.00,   0.0060,   0.0000,    15.0, \
                 41.0,   3.0,    3.000,   -20.000,    180.0,    6.00,    12.00,   0.0060,   0.0000,    15.0, \
                 42.0,   3.0,    9.000,    -1.000,    180.0,    6.00,     2.00,   0.0060,   0.0000,    15.0, \
                 43.0,   3.0,    9.000,    -4.000,    180.0,    6.00,     4.00,   0.0060,   0.0000,    15.0, \
                 44.0,   3.0,    9.000,    -9.000,    180.0,    6.00,     6.00,   0.0060,   0.0000,    15.0, \
                 45.0,   3.0,    9.000,   -18.000,    180.0,    6.00,    12.00,   0.0060,   0.0000,    15.0, \
                 46.0,   3.0,   15.000,    -2.000,    180.0,    6.00,     4.00,   0.0060,   0.0000,    15.0, \
                 47.0,   3.0,   15.000,    -7.000,    180.0,    6.00,     6.00,   0.0060,   0.0000,    15.0, \
                 48.0,   3.0,   15.000,   -16.000,    180.0,    6.00,    12.00,   0.0060,   0.0000,    15.0, \
                 49.0,   3.0,   21.000,    -2.000,    180.0,    6.00,     4.00,   0.0060,   0.0000,    15.0, \
                 50.0,   3.0,   21.000,    -7.000,    180.0,    6.00,     6.00,   0.0060,   0.0000,    15.0, \
                 51.0,   3.0,   21.000,   -16.000,    180.0,    6.00,    12.00,   0.0060,   0.0000,    15.0, \
                 52.0,   3.0,   27.000,    -3.000,    180.0,    6.00,     6.00,   0.0060,   0.0000,    15.0, \
                 53.0,   3.0,   27.000,   -12.000,    180.0,    6.00,    12.00,   0.0060,   0.0000,    15.0, \
                 54.0,   3.0,   33.000,    -6.000,    180.0,    6.00,    12.00,   0.0060,   0.0000,    15.0, \
                 55.0,   3.0,   -3.850,    -1.000,    180.0,    4.30,     2.00,   0.0060,   0.0000,    15.0, \
                 56.0,   3.0,   -3.000,    -3.000,    180.0,    6.00,     2.00,   0.0060,   0.0000,    15.0, \
                 57.0,   3.0,   -3.000,    -6.000,    180.0,    6.00,     4.00,   0.0060,   0.0000,    15.0, \
                 58.0,   3.0,   -3.000,   -11.000,    180.0,    6.00,     6.00,   0.0060,   0.0000,    15.0, \
                 59.0,   3.0,   -3.000,   -20.000,    180.0,    6.00,    12.00,   0.0060,   0.0000,    15.0, \
                 60.0,   3.0,   -9.000,    -1.000,    180.0,    6.00,     2.00,   0.0060,   0.0000,    15.0, \
                 61.0,   3.0,   -9.000,    -4.000,    180.0,    6.00,     4.00,   0.0060,   0.0000,    15.0, \
                 62.0,   3.0,   -9.000,    -9.000,    180.0,    6.00,     6.00,   0.0060,   0.0000,    15.0, \
                 63.0,   3.0,   -9.000,   -18.000,    180.0,    6.00,    12.00,   0.0060,   0.0000,    15.0, \
                 64.0,   3.0,  -15.000,    -2.000,    180.0,    6.00,     4.00,   0.0060,   0.0000,    15.0, \
                 65.0,   3.0,  -15.000,    -7.000,    180.0,    6.00,     6.00,   0.0060,   0.0000,    15.0, \
                 66.0,   3.0,  -15.000,   -16.000,    180.0,    6.00,    12.00,   0.0060,   0.0000,    15.0, \
                 67.0,   3.0,  -21.000,    -2.000,    180.0,    6.00,     4.00,   0.0060,   0.0000,    15.0, \
                 68.0,   3.0,  -21.000,    -7.000,    180.0,    6.00,     6.00,   0.0060,   0.0000,    15.0, \
                 69.0,   3.0,  -21.000,   -16.000,    180.0,    6.00,    12.00,   0.0060,   0.0000,    15.0, \
                 70.0,   3.0,  -27.000,    -3.000,    180.0,    6.00,     6.00,   0.0060,   0.0000,    15.0, \
                 71.0,   3.0,  -27.000,   -12.000,    180.0,    6.00,    12.00,   0.0060,   0.0000,    15.0, \
                 72.0,   3.0,  -33.000,    -6.000,    180.0,    6.00,    12.00,   0.0060,   0.0000,    15.0, \
                  5.0,   0.0,     100.0, \
                  1.0,   3.0,    3.900,     1.000,      0.0,    4.20,     2.00,   0.0060,   0.0000,    15.0, \
                  2.0,   3.0,    3.000,     3.000,      0.0,    6.00,     2.00,   0.0060,   0.0000,    15.0, \
                  3.0,   3.0,    3.000,     6.000,      0.0,    6.00,     4.00,   0.0060,   0.0000,    15.0, \
                  4.0,   3.0,    3.000,    10.000,      0.0,    6.00,     4.00,   0.0060,   0.0000,    15.0, \
                  5.0,   3.0,    3.000,    15.000,      0.0,    6.00,     6.00,   0.0060,   0.0000,    15.0, \
                  6.0,   3.0,    3.000,    24.000,      0.0,    6.00,    12.00,   0.0060,   0.0000,    15.0, \
                  7.0,   3.0,    9.000,     1.000,      0.0,    6.00,     2.00,   0.0060,   0.0000,    15.0, \
                  8.0,   3.0,    9.000,     4.000,      0.0,    6.00,     4.00,   0.0060,   0.0000,    15.0, \
                  9.0,   3.0,    9.000,     8.000,      0.0,    6.00,     4.00,   0.0060,   0.0000,    15.0, \
                 10.0,   3.0,    9.000,    13.000,      0.0,    6.00,     6.00,   0.0060,   0.0000,    15.0, \
                 11.0,   3.0,    9.000,    22.000,      0.0,    6.00,    12.00,   0.0060,   0.0000,    15.0, \
                 12.0,   3.0,   15.000,     1.000,      0.0,    6.00,     2.00,   0.0060,   0.0000,    15.0, \
                 13.0,   3.0,   15.000,     4.000,      0.0,    6.00,     4.00,   0.0060,   0.0000,    15.0, \
                 14.0,   3.0,   15.000,     8.000,      0.0,    6.00,     4.00,   0.0060,   0.0000,    15.0, \
                 15.0,   3.0,   15.000,    13.000,      0.0,    6.00,     6.00,   0.0060,   0.0000,    15.0, \
                 16.0,   3.0,   15.000,    22.000,      0.0,    6.00,    12.00,   0.0060,   0.0000,    15.0, \
                 17.0,   3.0,   21.000,     2.000,      0.0,    6.00,     4.00,   0.0060,   0.0000,    15.0, \
                 18.0,   3.0,   21.000,     6.000,      0.0,    6.00,     4.00,   0.0060,   0.0000,    15.0, \
                 19.0,   3.0,   21.000,    11.000,      0.0,    6.00,     6.00,   0.0060,   0.0000,    15.0, \
                 20.0,   3.0,   21.000,    20.000,      0.0,    6.00,    12.00,   0.0060,   0.0000,    15.0, \
                 21.0,   3.0,   27.000,     2.000,      0.0,    6.00,     4.00,   0.0060,   0.0000,    15.0, \
                 22.0,   3.0,   27.000,     7.000,      0.0,    6.00,     6.00,   0.0060,   0.0000,    15.0, \
                 23.0,   3.0,   27.000,    16.000,      0.0,    6.00,    12.00,   0.0060,   0.0000,    15.0, \
                 24.0,   3.0,   33.000,     3.000,      0.0,    6.00,     6.00,   0.0060,   0.0000,    15.0, \
                 25.0,   3.0,   33.000,    12.000,      0.0,    6.00,    12.00,   0.0060,   0.0000,    15.0, \
                 26.0,   3.0,   -3.900,     1.000,      0.0,    4.20,     2.00,   0.0060,   0.0000,    15.0, \
                 27.0,   3.0,   -3.000,     3.000,      0.0,    6.00,     2.00,   0.0060,   0.0000,    15.0, \
                 28.0,   3.0,   -3.000,     6.000,      0.0,    6.00,     4.00,   0.0060,   0.0000,    15.0, \
                 29.0,   3.0,   -3.000,    10.000,      0.0,    6.00,     4.00,   0.0060,   0.0000,    15.0, \
                 30.0,   3.0,   -3.000,    15.000,      0.0,    6.00,     6.00,   0.0060,   0.0000,    15.0, \
                 31.0,   3.0,   -3.000,    24.000,      0.0,    6.00,    12.00,   0.0060,   0.0000,    15.0, \
                 32.0,   3.0,   -9.000,     1.000,      0.0,    6.00,     2.00,   0.0060,   0.0000,    15.0, \
                 33.0,   3.0,   -9.000,     4.000,      0.0,    6.00,     4.00,   0.0060,   0.0000,    15.0, \
                 34.0,   3.0,   -9.000,     8.000,      0.0,    6.00,     4.00,   0.0060,   0.0000,    15.0, \
                 35.0,   3.0,   -9.000,    13.000,      0.0,    6.00,     6.00,   0.0060,   0.0000,    15.0, \
                 36.0,   3.0,   -9.000,    22.000,      0.0,    6.00,    12.00,   0.0060,   0.0000,    15.0, \
                 37.0,   3.0,  -15.000,     1.000,      0.0,    6.00,     2.00,   0.0060,   0.0000,    15.0, \
                 38.0,   3.0,  -15.000,     4.000,      0.0,    6.00,     4.00,   0.0060,   0.0000,    15.0, \
                 39.0,   3.0,  -15.000,     8.000,      0.0,    6.00,     4.00,   0.0060,   0.0000,    15.0, \
                 40.0,   3.0,  -15.000,    13.000,      0.0,    6.00,     6.00,   0.0060,   0.0000,    15.0, \
                 41.0,   3.0,  -15.000,    22.000,      0.0,    6.00,    12.00,   0.0060,   0.0000,    15.0, \
                 42.0,   3.0,  -21.000,     2.000,      0.0,    6.00,     4.00,   0.0060,   0.0000,    15.0, \
                 43.0,   3.0,  -21.000,     6.000,      0.0,    6.00,     4.00,   0.0060,   0.0000,    15.0, \
                 44.0,   3.0,  -21.000,    11.000,      0.0,    6.00,     6.00,   0.0060,   0.0000,    15.0, \
                 45.0,   3.0,  -21.000,    20.000,      0.0,    6.00,    12.00,   0.0060,   0.0000,    15.0, \
                 46.0,   3.0,  -27.000,     2.000,      0.0,    6.00,     4.00,   0.0060,   0.0000,    15.0, \
                 47.0,   3.0,  -27.000,     7.000,      0.0,    6.00,     6.00,   0.0060,   0.0000,    15.0, \
                 48.0,   3.0,  -27.000,    16.000,      0.0,    6.00,    12.00,   0.0060,   0.0000,    15.0, \
                 49.0,   3.0,  -33.000,     3.000,      0.0,    6.00,     6.00,   0.0060,   0.0000,    15.0, \
                 50.0,   3.0,  -33.000,    12.000,      0.0,    6.00,    12.00,   0.0060,   0.0000,    15.0, \
                 51.0,   3.0,    3.900,    -1.000,    180.0,    4.20,     2.00,   0.0060,   0.0000,    15.0, \
                 52.0,   3.0,    3.000,    -3.000,    180.0,    6.00,     2.00,   0.0060,   0.0000,    15.0, \
                 53.0,   3.0,    3.000,    -6.000,    180.0,    6.00,     4.00,   0.0060,   0.0000,    15.0, \
                 54.0,   3.0,    3.000,   -10.000,    180.0,    6.00,     4.00,   0.0060,   0.0000,    15.0, \
                 55.0,   3.0,    3.000,   -15.000,    180.0,    6.00,     6.00,   0.0060,   0.0000,    15.0, \
                 56.0,   3.0,    3.000,   -24.000,    180.0,    6.00,    12.00,   0.0060,   0.0000,    15.0, \
                 57.0,   3.0,    9.000,    -1.000,    180.0,    6.00,     2.00,   0.0060,   0.0000,    15.0, \
                 58.0,   3.0,    9.000,    -4.000,    180.0,    6.00,     4.00,   0.0060,   0.0000,    15.0, \
                 59.0,   3.0,    9.000,    -8.000,    180.0,    6.00,     4.00,   0.0060,   0.0000,    15.0, \
                 60.0,   3.0,    9.000,   -13.000,    180.0,    6.00,     6.00,   0.0060,   0.0000,    15.0, \
                 61.0,   3.0,    9.000,   -22.000,    180.0,    6.00,    12.00,   0.0060,   0.0000,    15.0, \
                 62.0,   3.0,   15.000,    -1.000,    180.0,    6.00,     2.00,   0.0060,   0.0000,    15.0, \
                 63.0,   3.0,   15.000,    -4.000,    180.0,    6.00,     4.00,   0.0060,   0.0000,    15.0, \
                 64.0,   3.0,   15.000,    -8.000,    180.0,    6.00,     4.00,   0.0060,   0.0000,    15.0, \
                 65.0,   3.0,   15.000,   -13.000,    180.0,    6.00,     6.00,   0.0060,   0.0000,    15.0, \
                 66.0,   3.0,   15.000,   -22.000,    180.0,    6.00,    12.00,   0.0060,   0.0000,    15.0, \
                 67.0,   3.0,   21.000,    -2.000,    180.0,    6.00,     4.00,   0.0060,   0.0000,    15.0, \
                 68.0,   3.0,   21.000,    -6.000,    180.0,    6.00,     4.00,   0.0060,   0.0000,    15.0, \
                 69.0,   3.0,   21.000,   -11.000,    180.0,    6.00,     6.00,   0.0060,   0.0000,    15.0, \
                 70.0,   3.0,   21.000,   -20.000,    180.0,    6.00,    12.00,   0.0060,   0.0000,    15.0, \
                 71.0,   3.0,   27.000,    -2.000,    180.0,    6.00,     4.00,   0.0060,   0.0000,    15.0, \
                 72.0,   3.0,   27.000,    -7.000,    180.0,    6.00,     6.00,   0.0060,   0.0000,    15.0, \
                 73.0,   3.0,   27.000,   -16.000,    180.0,    6.00,    12.00,   0.0060,   0.0000,    15.0, \
                 74.0,   3.0,   33.000,    -3.000,    180.0,    6.00,     6.00,   0.0060,   0.0000,    15.0, \
                 75.0,   3.0,   33.000,   -12.000,    180.0,    6.00,    12.00,   0.0060,   0.0000,    15.0, \
                 76.0,   3.0,   -3.900,    -1.000,    180.0,    4.20,     2.00,   0.0060,   0.0000,    15.0, \
                 77.0,   3.0,   -3.000,    -3.000,    180.0,    6.00,     2.00,   0.0060,   0.0000,    15.0, \
                 78.0,   3.0,   -3.000,    -6.000,    180.0,    6.00,     4.00,   0.0060,   0.0000,    15.0, \
                 79.0,   3.0,   -3.000,   -10.000,    180.0,    6.00,     4.00,   0.0060,   0.0000,    15.0, \
                 80.0,   3.0,   -3.000,   -15.000,    180.0,    6.00,     6.00,   0.0060,   0.0000,    15.0, \
                 81.0,   3.0,   -3.000,   -24.000,    180.0,    6.00,    12.00,   0.0060,   0.0000,    15.0, \
                 82.0,   3.0,   -9.000,    -1.000,    180.0,    6.00,     2.00,   0.0060,   0.0000,    15.0, \
                 83.0,   3.0,   -9.000,    -4.000,    180.0,    6.00,     4.00,   0.0060,   0.0000,    15.0, \
                 84.0,   3.0,   -9.000,    -8.000,    180.0,    6.00,     4.00,   0.0060,   0.0000,    15.0, \
                 85.0,   3.0,   -9.000,   -13.000,    180.0,    6.00,     6.00,   0.0060,   0.0000,    15.0, \
                 86.0,   3.0,   -9.000,   -22.000,    180.0,    6.00,    12.00,   0.0060,   0.0000,    15.0, \
                 87.0,   3.0,  -15.000,    -1.000,    180.0,    6.00,     2.00,   0.0060,   0.0000,    15.0, \
                 88.0,   3.0,  -15.000,    -4.000,    180.0,    6.00,     4.00,   0.0060,   0.0000,    15.0, \
                 89.0,   3.0,  -15.000,    -8.000,    180.0,    6.00,     4.00,   0.0060,   0.0000,    15.0, \
                 90.0,   3.0,  -15.000,   -13.000,    180.0,    6.00,     6.00,   0.0060,   0.0000,    15.0, \
                 91.0,   3.0,  -15.000,   -22.000,    180.0,    6.00,    12.00,   0.0060,   0.0000,    15.0, \
                 92.0,   3.0,  -21.000,    -2.000,    180.0,    6.00,     4.00,   0.0060,   0.0000,    15.0, \
                 93.0,   3.0,  -21.000,    -6.000,    180.0,    6.00,     4.00,   0.0060,   0.0000,    15.0, \
                 94.0,   3.0,  -21.000,   -11.000,    180.0,    6.00,     6.00,   0.0060,   0.0000,    15.0, \
                 95.0,   3.0,  -21.000,   -20.000,    180.0,    6.00,    12.00,   0.0060,   0.0000,    15.0, \
                 96.0,   3.0,  -27.000,    -2.000,    180.0,    6.00,     4.00,   0.0060,   0.0000,    15.0, \
                 97.0,   3.0,  -27.000,    -7.000,    180.0,    6.00,     6.00,   0.0060,   0.0000,    15.0, \
                 98.0,   3.0,  -27.000,   -16.000,    180.0,    6.00,    12.00,   0.0060,   0.0000,    15.0, \
                 99.0,   3.0,  -33.000,    -3.000,    180.0,    6.00,     6.00,   0.0060,   0.0000,    15.0, \
                100.0,   3.0,  -33.000,   -12.000,    180.0,    6.00,    12.00,   0.0060,   0.0000,    15.0, \
                  6.0,   0.0,     100.0, \
                  1.0,   3.0,    4.050,     1.000,      0.0,    3.90,     2.00,   0.0060,   0.0000,    15.0, \
                  2.0,   3.0,    3.000,     4.000,      0.0,    6.00,     4.00,   0.0060,   0.0000,    15.0, \
                  3.0,   3.0,    3.000,     9.000,      0.0,    6.00,     6.00,   0.0060,   0.0000,    15.0, \
                  4.0,   3.0,    3.000,    18.000,      0.0,    6.00,    12.00,   0.0060,   0.0000,    15.0, \
                  5.0,   3.0,    3.000,    30.000,      0.0,    6.00,    12.00,   0.0060,   0.0000,    15.0, \
                  6.0,   3.0,    9.000,     1.000,      0.0,    6.00,     2.00,   0.0060,   0.0000,    15.0, \
                  7.0,   3.0,    9.000,     4.000,      0.0,    6.00,     4.00,   0.0060,   0.0000,    15.0, \
                  8.0,   3.0,    9.000,     9.000,      0.0,    6.00,     6.00,   0.0060,   0.0000,    15.0, \
                  9.0,   3.0,    9.000,    18.000,      0.0,    6.00,    12.00,   0.0060,   0.0000,    15.0, \
                 10.0,   3.0,    9.000,    30.000,      0.0,    6.00,    12.00,   0.0060,   0.0000,    15.0, \
                 11.0,   3.0,   15.000,     2.000,      0.0,    6.00,     4.00,   0.0060,   0.0000,    15.0, \
                 12.0,   3.0,   15.000,     7.000,      0.0,    6.00,     6.00,   0.0060,   0.0000,    15.0, \
                 13.0,   3.0,   15.000,    16.000,      0.0,    6.00,    12.00,   0.0060,   0.0000,    15.0, \
                 14.0,   3.0,   15.000,    28.000,      0.0,    6.00,    12.00,   0.0060,   0.0000,    15.0, \
                 15.0,   3.0,   21.000,     2.000,      0.0,    6.00,     4.00,   0.0060,   0.0000,    15.0, \
                 16.0,   3.0,   21.000,     7.000,      0.0,    6.00,     6.00,   0.0060,   0.0000,    15.0, \
                 17.0,   3.0,   21.000,    16.000,      0.0,    6.00,    12.00,   0.0060,   0.0000,    15.0, \
                 18.0,   3.0,   21.000,    28.000,      0.0,    6.00,    12.00,   0.0060,   0.0000,    15.0, \
                 19.0,   3.0,   27.000,     3.000,      0.0,    6.00,     6.00,   0.0060,   0.0000,    15.0, \
                 20.0,   3.0,   27.000,    12.000,      0.0,    6.00,    12.00,   0.0060,   0.0000,    15.0, \
                 21.0,   3.0,   27.000,    24.000,      0.0,    6.00,    12.00,   0.0060,   0.0000,    15.0, \
                 22.0,   3.0,   33.000,     6.000,      0.0,    6.00,    12.00,   0.0060,   0.0000,    15.0, \
                 23.0,   3.0,   33.000,    18.000,      0.0,    6.00,    12.00,   0.0060,   0.0000,    15.0, \
                 24.0,   3.0,   39.000,     6.000,      0.0,    6.00,    12.00,   0.0060,   0.0000,    15.0, \
                 25.0,   3.0,   39.000,    18.000,      0.0,    6.00,    12.00,   0.0060,   0.0000,    15.0, \
                 26.0,   3.0,   -4.050,     1.000,      0.0,    3.90,     2.00,   0.0060,   0.0000,    15.0, \
                 27.0,   3.0,   -3.000,     4.000,      0.0,    6.00,     4.00,   0.0060,   0.0000,    15.0, \
                 28.0,   3.0,   -3.000,     9.000,      0.0,    6.00,     6.00,   0.0060,   0.0000,    15.0, \
                 29.0,   3.0,   -3.000,    18.000,      0.0,    6.00,    12.00,   0.0060,   0.0000,    15.0, \
                 30.0,   3.0,   -3.000,    30.000,      0.0,    6.00,    12.00,   0.0060,   0.0000,    15.0, \
                 31.0,   3.0,   -9.000,     1.000,      0.0,    6.00,     2.00,   0.0060,   0.0000,    15.0, \
                 32.0,   3.0,   -9.000,     4.000,      0.0,    6.00,     4.00,   0.0060,   0.0000,    15.0, \
                 33.0,   3.0,   -9.000,     9.000,      0.0,    6.00,     6.00,   0.0060,   0.0000,    15.0, \
                 34.0,   3.0,   -9.000,    18.000,      0.0,    6.00,    12.00,   0.0060,   0.0000,    15.0, \
                 35.0,   3.0,   -9.000,    30.000,      0.0,    6.00,    12.00,   0.0060,   0.0000,    15.0, \
                 36.0,   3.0,  -15.000,     2.000,      0.0,    6.00,     4.00,   0.0060,   0.0000,    15.0, \
                 37.0,   3.0,  -15.000,     7.000,      0.0,    6.00,     6.00,   0.0060,   0.0000,    15.0, \
                 38.0,   3.0,  -15.000,    16.000,      0.0,    6.00,    12.00,   0.0060,   0.0000,    15.0, \
                 39.0,   3.0,  -15.000,    28.000,      0.0,    6.00,    12.00,   0.0060,   0.0000,    15.0, \
                 40.0,   3.0,  -21.000,     2.000,      0.0,    6.00,     4.00,   0.0060,   0.0000,    15.0, \
                 41.0,   3.0,  -21.000,     7.000,      0.0,    6.00,     6.00,   0.0060,   0.0000,    15.0, \
                 42.0,   3.0,  -21.000,    16.000,      0.0,    6.00,    12.00,   0.0060,   0.0000,    15.0, \
                 43.0,   3.0,  -21.000,    28.000,      0.0,    6.00,    12.00,   0.0060,   0.0000,    15.0, \
                 44.0,   3.0,  -27.000,     3.000,      0.0,    6.00,     6.00,   0.0060,   0.0000,    15.0, \
                 45.0,   3.0,  -27.000,    12.000,      0.0,    6.00,    12.00,   0.0060,   0.0000,    15.0, \
                 46.0,   3.0,  -27.000,    24.000,      0.0,    6.00,    12.00,   0.0060,   0.0000,    15.0, \
                 47.0,   3.0,  -33.000,     6.000,      0.0,    6.00,    12.00,   0.0060,   0.0000,    15.0, \
                 48.0,   3.0,  -33.000,    18.000,      0.0,    6.00,    12.00,   0.0060,   0.0000,    15.0, \
                 49.0,   3.0,  -39.000,     6.000,      0.0,    6.00,    12.00,   0.0060,   0.0000,    15.0, \
                 50.0,   3.0,  -39.000,    18.000,      0.0,    6.00,    12.00,   0.0060,   0.0000,    15.0, \
                 51.0,   3.0,    4.050,    -1.000,    180.0,    3.90,     2.00,   0.0060,   0.0000,    15.0, \
                 52.0,   3.0,    3.000,    -4.000,    180.0,    6.00,     4.00,   0.0060,   0.0000,    15.0, \
                 53.0,   3.0,    3.000,    -9.000,    180.0,    6.00,     6.00,   0.0060,   0.0000,    15.0, \
                 54.0,   3.0,    3.000,   -18.000,    180.0,    6.00,    12.00,   0.0060,   0.0000,    15.0, \
                 55.0,   3.0,    3.000,   -30.000,    180.0,    6.00,    12.00,   0.0060,   0.0000,    15.0, \
                 56.0,   3.0,    9.000,    -1.000,    180.0,    6.00,     2.00,   0.0060,   0.0000,    15.0, \
                 57.0,   3.0,    9.000,    -4.000,    180.0,    6.00,     4.00,   0.0060,   0.0000,    15.0, \
                 58.0,   3.0,    9.000,    -9.000,    180.0,    6.00,     6.00,   0.0060,   0.0000,    15.0, \
                 59.0,   3.0,    9.000,   -18.000,    180.0,    6.00,    12.00,   0.0060,   0.0000,    15.0, \
                 60.0,   3.0,    9.000,   -30.000,    180.0,    6.00,    12.00,   0.0060,   0.0000,    15.0, \
                 61.0,   3.0,   15.000,    -2.000,    180.0,    6.00,     4.00,   0.0060,   0.0000,    15.0, \
                 62.0,   3.0,   15.000,    -7.000,    180.0,    6.00,     6.00,   0.0060,   0.0000,    15.0, \
                 63.0,   3.0,   15.000,   -16.000,    180.0,    6.00,    12.00,   0.0060,   0.0000,    15.0, \
                 64.0,   3.0,   15.000,   -28.000,    180.0,    6.00,    12.00,   0.0060,   0.0000,    15.0, \
                 65.0,   3.0,   21.000,    -2.000,    180.0,    6.00,     4.00,   0.0060,   0.0000,    15.0, \
                 66.0,   3.0,   21.000,    -7.000,    180.0,    6.00,     6.00,   0.0060,   0.0000,    15.0, \
                 67.0,   3.0,   21.000,   -16.000,    180.0,    6.00,    12.00,   0.0060,   0.0000,    15.0, \
                 68.0,   3.0,   21.000,   -28.000,    180.0,    6.00,    12.00,   0.0060,   0.0000,    15.0, \
                 69.0,   3.0,   27.000,    -3.000,    180.0,    6.00,     6.00,   0.0060,   0.0000,    15.0, \
                 70.0,   3.0,   27.000,   -12.000,    180.0,    6.00,    12.00,   0.0060,   0.0000,    15.0, \
                 71.0,   3.0,   27.000,   -24.000,    180.0,    6.00,    12.00,   0.0060,   0.0000,    15.0, \
                 72.0,   3.0,   33.000,    -6.000,    180.0,    6.00,    12.00,   0.0060,   0.0000,    15.0, \
                 73.0,   3.0,   33.000,   -18.000,    180.0,    6.00,    12.00,   0.0060,   0.0000,    15.0, \
                 74.0,   3.0,   39.000,    -6.000,    180.0,    6.00,    12.00,   0.0060,   0.0000,    15.0, \
                 75.0,   3.0,   39.000,   -18.000,    180.0,    6.00,    12.00,   0.0060,   0.0000,    15.0, \
                 76.0,   3.0,   -4.050,    -1.000,    180.0,    3.90,     2.00,   0.0060,   0.0000,    15.0, \
                 77.0,   3.0,   -3.000,    -4.000,    180.0,    6.00,     4.00,   0.0060,   0.0000,    15.0, \
                 78.0,   3.0,   -3.000,    -9.000,    180.0,    6.00,     6.00,   0.0060,   0.0000,    15.0, \
                 79.0,   3.0,   -3.000,   -18.000,    180.0,    6.00,    12.00,   0.0060,   0.0000,    15.0, \
                 80.0,   3.0,   -3.000,   -30.000,    180.0,    6.00,    12.00,   0.0060,   0.0000,    15.0, \
                 81.0,   3.0,   -9.000,    -1.000,    180.0,    6.00,     2.00,   0.0060,   0.0000,    15.0, \
                 82.0,   3.0,   -9.000,    -4.000,    180.0,    6.00,     4.00,   0.0060,   0.0000,    15.0, \
                 83.0,   3.0,   -9.000,    -9.000,    180.0,    6.00,     6.00,   0.0060,   0.0000,    15.0, \
                 84.0,   3.0,   -9.000,   -18.000,    180.0,    6.00,    12.00,   0.0060,   0.0000,    15.0, \
                 85.0,   3.0,   -9.000,   -30.000,    180.0,    6.00,    12.00,   0.0060,   0.0000,    15.0, \
                 86.0,   3.0,  -15.000,    -2.000,    180.0,    6.00,     4.00,   0.0060,   0.0000,    15.0, \
                 87.0,   3.0,  -15.000,    -7.000,    180.0,    6.00,     6.00,   0.0060,   0.0000,    15.0, \
                 88.0,   3.0,  -15.000,   -16.000,    180.0,    6.00,    12.00,   0.0060,   0.0000,    15.0, \
                 89.0,   3.0,  -15.000,   -28.000,    180.0,    6.00,    12.00,   0.0060,   0.0000,    15.0, \
                 90.0,   3.0,  -21.000,    -2.000,    180.0,    6.00,     4.00,   0.0060,   0.0000,    15.0, \
                 91.0,   3.0,  -21.000,    -7.000,    180.0,    6.00,     6.00,   0.0060,   0.0000,    15.0, \
                 92.0,   3.0,  -21.000,   -16.000,    180.0,    6.00,    12.00,   0.0060,   0.0000,    15.0, \
                 93.0,   3.0,  -21.000,   -28.000,    180.0,    6.00,    12.00,   0.0060,   0.0000,    15.0, \
                 94.0,   3.0,  -27.000,    -3.000,    180.0,    6.00,     6.00,   0.0060,   0.0000,    15.0, \
                 95.0,   3.0,  -27.000,   -12.000,    180.0,    6.00,    12.00,   0.0060,   0.0000,    15.0, \
                 96.0,   3.0,  -27.000,   -24.000,    180.0,    6.00,    12.00,   0.0060,   0.0000,    15.0, \
                 97.0,   3.0,  -33.000,    -6.000,    180.0,    6.00,    12.00,   0.0060,   0.0000,    15.0, \
                 98.0,   3.0,  -33.000,   -18.000,    180.0,    6.00,    12.00,   0.0060,   0.0000,    15.0, \
                 99.0,   3.0,  -39.000,    -6.000,    180.0,    6.00,    12.00,   0.0060,   0.0000,    15.0, \
                100.0,   3.0,  -39.000,   -18.000,    180.0,    6.00,    12.00,   0.0060,   0.0000,    15.0, \
                  7.0,   0.0,     120.0, \
                  1.0,   3.0,    0.000,     3.400,      0.0,    6.00,     2.00,   0.0060,   0.0000,    15.0, \
                  2.0,   3.0,    0.000,     6.400,      0.0,    6.00,     4.00,   0.0060,   0.0000,    15.0, \
                  3.0,   3.0,    0.000,    10.400,      0.0,    6.00,     4.00,   0.0060,   0.0000,    15.0, \
                  4.0,   3.0,    0.000,    15.400,      0.0,    6.00,     6.00,   0.0060,   0.0000,    15.0, \
                  5.0,   3.0,    0.000,    24.400,      0.0,    6.00,    12.00,   0.0060,   0.0000,    15.0, \
                  6.0,   3.0,    0.000,    39.400,      0.0,    6.00,    18.00,   0.0060,   0.0000,    15.0, \
                  7.0,   3.0,    6.000,     1.000,      0.0,    6.00,     2.00,   0.0060,   0.0000,    15.0, \
                  8.0,   3.0,    6.000,     4.000,      0.0,    6.00,     4.00,   0.0060,   0.0000,    15.0, \
                  9.0,   3.0,    6.000,     8.000,      0.0,    6.00,     4.00,   0.0060,   0.0000,    15.0, \
                 10.0,   3.0,    6.000,    13.000,      0.0,    6.00,     6.00,   0.0060,   0.0000,    15.0, \
                 11.0,   3.0,    6.000,    22.000,      0.0,    6.00,    12.00,   0.0060,   0.0000,    15.0, \
                 12.0,   3.0,    6.000,    37.000,      0.0,    6.00,    18.00,   0.0060,   0.0000,    15.0, \
                 13.0,   3.0,   12.000,     2.000,      0.0,    6.00,     4.00,   0.0060,   0.0000,    15.0, \
                 14.0,   3.0,   12.000,     6.000,      0.0,    6.00,     4.00,   0.0060,   0.0000,    15.0, \
                 15.0,   3.0,   12.000,    11.000,      0.0,    6.00,     6.00,   0.0060,   0.0000,    15.0, \
                 16.0,   3.0,   12.000,    20.000,      0.0,    6.00,    12.00,   0.0060,   0.0000,    15.0, \
                 17.0,   3.0,   12.000,    35.000,      0.0,    6.00,    18.00,   0.0060,   0.0000,    15.0, \
                 18.0,   3.0,   18.000,     2.000,      0.0,    6.00,     4.00,   0.0060,   0.0000,    15.0, \
                 19.0,   3.0,   18.000,     6.000,      0.0,    6.00,     4.00,   0.0060,   0.0000,    15.0, \
                 20.0,   3.0,   18.000,    11.000,      0.0,    6.00,     6.00,   0.0060,   0.0000,    15.0, \
                 21.0,   3.0,   18.000,    20.000,      0.0,    6.00,    12.00,   0.0060,   0.0000,    15.0, \
                 22.0,   3.0,   18.000,    35.000,      0.0,    6.00,    18.00,   0.0060,   0.0000,    15.0, \
                 23.0,   3.0,   24.000,     2.000,      0.0,    6.00,     4.00,   0.0060,   0.0000,    15.0, \
                 24.0,   3.0,   24.000,     7.000,      0.0,    6.00,     6.00,   0.0060,   0.0000,    15.0, \
                 25.0,   3.0,   24.000,    16.000,      0.0,    6.00,    12.00,   0.0060,   0.0000,    15.0, \
                 26.0,   3.0,   24.000,    31.000,      0.0,    6.00,    18.00,   0.0060,   0.0000,    15.0, \
                 27.0,   3.0,   30.000,     3.000,      0.0,    6.00,     6.00,   0.0060,   0.0000,    15.0, \
                 28.0,   3.0,   30.000,    12.000,      0.0,    6.00,    12.00,   0.0060,   0.0000,    15.0, \
                 29.0,   3.0,   30.000,    27.000,      0.0,    6.00,    18.00,   0.0060,   0.0000,    15.0, \
                 30.0,   3.0,   36.000,     6.000,      0.0,    6.00,    12.00,   0.0060,   0.0000,    15.0, \
                 31.0,   3.0,   36.000,    21.000,      0.0,    6.00,    18.00,   0.0060,   0.0000,    15.0, \
                 32.0,   3.0,   42.000,     6.000,      0.0,    6.00,    12.00,   0.0060,   0.0000,    15.0, \
                 33.0,   3.0,   42.000,    21.000,      0.0,    6.00,    18.00,   0.0060,   0.0000,    15.0, \
                 34.0,   3.0,   -6.000,     1.000,      0.0,    6.00,     2.00,   0.0060,   0.0000,    15.0, \
                 35.0,   3.0,   -6.000,     4.000,      0.0,    6.00,     4.00,   0.0060,   0.0000,    15.0, \
                 36.0,   3.0,   -6.000,     8.000,      0.0,    6.00,     4.00,   0.0060,   0.0000,    15.0, \
                 37.0,   3.0,   -6.000,    13.000,      0.0,    6.00,     6.00,   0.0060,   0.0000,    15.0, \
                 38.0,   3.0,   -6.000,    22.000,      0.0,    6.00,    12.00,   0.0060,   0.0000,    15.0, \
                 39.0,   3.0,   -6.000,    37.000,      0.0,    6.00,    18.00,   0.0060,   0.0000,    15.0, \
                 40.0,   3.0,  -12.000,     2.000,      0.0,    6.00,     4.00,   0.0060,   0.0000,    15.0, \
                 41.0,   3.0,  -12.000,     6.000,      0.0,    6.00,     4.00,   0.0060,   0.0000,    15.0, \
                 42.0,   3.0,  -12.000,    11.000,      0.0,    6.00,     6.00,   0.0060,   0.0000,    15.0, \
                 43.0,   3.0,  -12.000,    20.000,      0.0,    6.00,    12.00,   0.0060,   0.0000,    15.0, \
                 44.0,   3.0,  -12.000,    35.000,      0.0,    6.00,    18.00,   0.0060,   0.0000,    15.0, \
                 45.0,   3.0,  -18.000,     2.000,      0.0,    6.00,     4.00,   0.0060,   0.0000,    15.0, \
                 46.0,   3.0,  -18.000,     6.000,      0.0,    6.00,     4.00,   0.0060,   0.0000,    15.0, \
                 47.0,   3.0,  -18.000,    11.000,      0.0,    6.00,     6.00,   0.0060,   0.0000,    15.0, \
                 48.0,   3.0,  -18.000,    20.000,      0.0,    6.00,    12.00,   0.0060,   0.0000,    15.0, \
                 49.0,   3.0,  -18.000,    35.000,      0.0,    6.00,    18.00,   0.0060,   0.0000,    15.0, \
                 50.0,   3.0,  -24.000,     2.000,      0.0,    6.00,     4.00,   0.0060,   0.0000,    15.0, \
                 51.0,   3.0,  -24.000,     7.000,      0.0,    6.00,     6.00,   0.0060,   0.0000,    15.0, \
                 52.0,   3.0,  -24.000,    16.000,      0.0,    6.00,    12.00,   0.0060,   0.0000,    15.0, \
                 53.0,   3.0,  -24.000,    31.000,      0.0,    6.00,    18.00,   0.0060,   0.0000,    15.0, \
                 54.0,   3.0,  -30.000,     3.000,      0.0,    6.00,     6.00,   0.0060,   0.0000,    15.0, \
                 55.0,   3.0,  -30.000,    12.000,      0.0,    6.00,    12.00,   0.0060,   0.0000,    15.0, \
                 56.0,   3.0,  -30.000,    27.000,      0.0,    6.00,    18.00,   0.0060,   0.0000,    15.0, \
                 57.0,   3.0,  -36.000,     6.000,      0.0,    6.00,    12.00,   0.0060,   0.0000,    15.0, \
                 58.0,   3.0,  -36.000,    21.000,      0.0,    6.00,    18.00,   0.0060,   0.0000,    15.0, \
                 59.0,   3.0,  -42.000,     6.000,      0.0,    6.00,    12.00,   0.0060,   0.0000,    15.0, \
                 60.0,   3.0,  -42.000,    21.000,      0.0,    6.00,    18.00,   0.0060,   0.0000,    15.0, \
                 61.0,   3.0,    0.000,    -3.400,    180.0,    6.00,     2.00,   0.0060,   0.0000,    15.0, \
                 62.0,   3.0,    0.000,    -6.400,    180.0,    6.00,     4.00,   0.0060,   0.0000,    15.0, \
                 63.0,   3.0,    0.000,   -10.400,    180.0,    6.00,     4.00,   0.0060,   0.0000,    15.0, \
                 64.0,   3.0,    0.000,   -15.400,    180.0,    6.00,     6.00,   0.0060,   0.0000,    15.0, \
                 65.0,   3.0,    0.000,   -24.400,    180.0,    6.00,    12.00,   0.0060,   0.0000,    15.0, \
                 66.0,   3.0,    0.000,   -39.400,    180.0,    6.00,    18.00,   0.0060,   0.0000,    15.0, \
                 67.0,   3.0,    6.000,    -1.000,    180.0,    6.00,     2.00,   0.0060,   0.0000,    15.0, \
                 68.0,   3.0,    6.000,    -4.000,    180.0,    6.00,     4.00,   0.0060,   0.0000,    15.0, \
                 69.0,   3.0,    6.000,    -8.000,    180.0,    6.00,     4.00,   0.0060,   0.0000,    15.0, \
                 70.0,   3.0,    6.000,   -13.000,    180.0,    6.00,     6.00,   0.0060,   0.0000,    15.0, \
                 71.0,   3.0,    6.000,   -22.000,    180.0,    6.00,    12.00,   0.0060,   0.0000,    15.0, \
                 72.0,   3.0,    6.000,   -37.000,    180.0,    6.00,    18.00,   0.0060,   0.0000,    15.0, \
                 73.0,   3.0,   12.000,    -2.000,    180.0,    6.00,     4.00,   0.0060,   0.0000,    15.0, \
                 74.0,   3.0,   12.000,    -6.000,    180.0,    6.00,     4.00,   0.0060,   0.0000,    15.0, \
                 75.0,   3.0,   12.000,   -11.000,    180.0,    6.00,     6.00,   0.0060,   0.0000,    15.0, \
                 76.0,   3.0,   12.000,   -20.000,    180.0,    6.00,    12.00,   0.0060,   0.0000,    15.0, \
                 77.0,   3.0,   12.000,   -35.000,    180.0,    6.00,    18.00,   0.0060,   0.0000,    15.0, \
                 78.0,   3.0,   18.000,    -2.000,    180.0,    6.00,     4.00,   0.0060,   0.0000,    15.0, \
                 79.0,   3.0,   18.000,    -6.000,    180.0,    6.00,     4.00,   0.0060,   0.0000,    15.0, \
                 80.0,   3.0,   18.000,   -11.000,    180.0,    6.00,     6.00,   0.0060,   0.0000,    15.0, \
                 81.0,   3.0,   18.000,   -20.000,    180.0,    6.00,    12.00,   0.0060,   0.0000,    15.0, \
                 82.0,   3.0,   18.000,   -35.000,    180.0,    6.00,    18.00,   0.0060,   0.0000,    15.0, \
                 83.0,   3.0,   24.000,    -2.000,    180.0,    6.00,     4.00,   0.0060,   0.0000,    15.0, \
                 84.0,   3.0,   24.000,    -7.000,    180.0,    6.00,     6.00,   0.0060,   0.0000,    15.0, \
                 85.0,   3.0,   24.000,   -16.000,    180.0,    6.00,    12.00,   0.0060,   0.0000,    15.0, \
                 86.0,   3.0,   24.000,   -31.000,    180.0,    6.00,    18.00,   0.0060,   0.0000,    15.0, \
                 87.0,   3.0,   30.000,    -3.000,    180.0,    6.00,     6.00,   0.0060,   0.0000,    15.0, \
                 88.0,   3.0,   30.000,   -12.000,    180.0,    6.00,    12.00,   0.0060,   0.0000,    15.0, \
                 89.0,   3.0,   30.000,   -27.000,    180.0,    6.00,    18.00,   0.0060,   0.0000,    15.0, \
                 90.0,   3.0,   36.000,    -6.000,    180.0,    6.00,    12.00,   0.0060,   0.0000,    15.0, \
                 91.0,   3.0,   36.000,   -21.000,    180.0,    6.00,    18.00,   0.0060,   0.0000,    15.0, \
                 92.0,   3.0,   42.000,    -6.000,    180.0,    6.00,    12.00,   0.0060,   0.0000,    15.0, \
                 93.0,   3.0,   42.000,   -21.000,    180.0,    6.00,    18.00,   0.0060,   0.0000,    15.0, \
                 94.0,   3.0,   -6.000,    -1.000,    180.0,    6.00,     2.00,   0.0060,   0.0000,    15.0, \
                 95.0,   3.0,   -6.000,    -4.000,    180.0,    6.00,     4.00,   0.0060,   0.0000,    15.0, \
                 96.0,   3.0,   -6.000,    -8.000,    180.0,    6.00,     4.00,   0.0060,   0.0000,    15.0, \
                 97.0,   3.0,   -6.000,   -13.000,    180.0,    6.00,     6.00,   0.0060,   0.0000,    15.0, \
                 98.0,   3.0,   -6.000,   -22.000,    180.0,    6.00,    12.00,   0.0060,   0.0000,    15.0, \
                 99.0,   3.0,   -6.000,   -37.000,    180.0,    6.00,    18.00,   0.0060,   0.0000,    15.0, \
                100.0,   3.0,  -12.000,    -2.000,    180.0,    6.00,     4.00,   0.0060,   0.0000,    15.0, \
                101.0,   3.0,  -12.000,    -6.000,    180.0,    6.00,     4.00,   0.0060,   0.0000,    15.0, \
                102.0,   3.0,  -12.000,   -11.000,    180.0,    6.00,     6.00,   0.0060,   0.0000,    15.0, \
                103.0,   3.0,  -12.000,   -20.000,    180.0,    6.00,    12.00,   0.0060,   0.0000,    15.0, \
                104.0,   3.0,  -12.000,   -35.000,    180.0,    6.00,    18.00,   0.0060,   0.0000,    15.0, \
                105.0,   3.0,  -18.000,    -2.000,    180.0,    6.00,     4.00,   0.0060,   0.0000,    15.0, \
                106.0,   3.0,  -18.000,    -6.000,    180.0,    6.00,     4.00,   0.0060,   0.0000,    15.0, \
                107.0,   3.0,  -18.000,   -11.000,    180.0,    6.00,     6.00,   0.0060,   0.0000,    15.0, \
                108.0,   3.0,  -18.000,   -20.000,    180.0,    6.00,    12.00,   0.0060,   0.0000,    15.0, \
                109.0,   3.0,  -18.000,   -35.000,    180.0,    6.00,    18.00,   0.0060,   0.0000,    15.0, \
                110.0,   3.0,  -24.000,    -2.000,    180.0,    6.00,     4.00,   0.0060,   0.0000,    15.0, \
                111.0,   3.0,  -24.000,    -7.000,    180.0,    6.00,     6.00,   0.0060,   0.0000,    15.0, \
                112.0,   3.0,  -24.000,   -16.000,    180.0,    6.00,    12.00,   0.0060,   0.0000,    15.0, \
                113.0,   3.0,  -24.000,   -31.000,    180.0,    6.00,    18.00,   0.0060,   0.0000,    15.0, \
                114.0,   3.0,  -30.000,    -3.000,    180.0,    6.00,     6.00,   0.0060,   0.0000,    15.0, \
                115.0,   3.0,  -30.000,   -12.000,    180.0,    6.00,    12.00,   0.0060,   0.0000,    15.0, \
                116.0,   3.0,  -30.000,   -27.000,    180.0,    6.00,    18.00,   0.0060,   0.0000,    15.0, \
                117.0,   3.0,  -36.000,    -6.000,    180.0,    6.00,    12.00,   0.0060,   0.0000,    15.0, \
                118.0,   3.0,  -36.000,   -21.000,    180.0,    6.00,    18.00,   0.0060,   0.0000,    15.0, \
                119.0,   3.0,  -42.000,    -6.000,    180.0,    6.00,    12.00,   0.0060,   0.0000,    15.0, \
                120.0,   3.0,  -42.000,   -21.000,    180.0,    6.00,    18.00,   0.0060,   0.0000,    15.0, \
                  8.0,   0.0,     132.0, \
                  1.0,   3.0,    0.000,     3.500,      0.0,    6.00,     2.00,   0.0060,   0.0000,    15.0, \
                  2.0,   3.0,    0.000,     6.500,      0.0,    6.00,     4.00,   0.0060,   0.0000,    15.0, \
                  3.0,   3.0,    0.000,    11.500,      0.0,    6.00,     6.00,   0.0060,   0.0000,    15.0, \
                  4.0,   3.0,    0.000,    17.500,      0.0,    6.00,     6.00,   0.0060,   0.0000,    15.0, \
                  5.0,   3.0,    0.000,    26.500,      0.0,    6.00,    12.00,   0.0060,   0.0000,    15.0, \
                  6.0,   3.0,    0.000,    41.500,      0.0,    6.00,    18.00,   0.0060,   0.0000,    15.0, \
                  7.0,   3.0,    6.000,     1.000,      0.0,    6.00,     2.00,   0.0060,   0.0000,    15.0, \
                  8.0,   3.0,    6.000,     4.000,      0.0,    6.00,     4.00,   0.0060,   0.0000,    15.0, \
                  9.0,   3.0,    6.000,     9.000,      0.0,    6.00,     6.00,   0.0060,   0.0000,    15.0, \
                 10.0,   3.0,    6.000,    15.000,      0.0,    6.00,     6.00,   0.0060,   0.0000,    15.0, \
                 11.0,   3.0,    6.000,    24.000,      0.0,    6.00,    12.00,   0.0060,   0.0000,    15.0, \
                 12.0,   3.0,    6.000,    39.000,      0.0,    6.00,    18.00,   0.0060,   0.0000,    15.0, \
                 13.0,   3.0,   12.000,     2.000,      0.0,    6.00,     4.00,   0.0060,   0.0000,    15.0, \
                 14.0,   3.0,   12.000,     7.000,      0.0,    6.00,     6.00,   0.0060,   0.0000,    15.0, \
                 15.0,   3.0,   12.000,    13.000,      0.0,    6.00,     6.00,   0.0060,   0.0000,    15.0, \
                 16.0,   3.0,   12.000,    22.000,      0.0,    6.00,    12.00,   0.0060,   0.0000,    15.0, \
                 17.0,   3.0,   12.000,    37.000,      0.0,    6.00,    18.00,   0.0060,   0.0000,    15.0, \
                 18.0,   3.0,   18.000,     2.000,      0.0,    6.00,     4.00,   0.0060,   0.0000,    15.0, \
                 19.0,   3.0,   18.000,     7.000,      0.0,    6.00,     6.00,   0.0060,   0.0000,    15.0, \
                 20.0,   3.0,   18.000,    13.000,      0.0,    6.00,     6.00,   0.0060,   0.0000,    15.0, \
                 21.0,   3.0,   18.000,    22.000,      0.0,    6.00,    12.00,   0.0060,   0.0000,    15.0, \
                 22.0,   3.0,   18.000,    37.000,      0.0,    6.00,    18.00,   0.0060,   0.0000,    15.0, \
                 23.0,   3.0,   24.000,     3.000,      0.0,    6.00,     6.00,   0.0060,   0.0000,    15.0, \
                 24.0,   3.0,   24.000,     9.000,      0.0,    6.00,     6.00,   0.0060,   0.0000,    15.0, \
                 25.0,   3.0,   24.000,    18.000,      0.0,    6.00,    12.00,   0.0060,   0.0000,    15.0, \
                 26.0,   3.0,   24.000,    33.000,      0.0,    6.00,    18.00,   0.0060,   0.0000,    15.0, \
                 27.0,   3.0,   30.000,     3.000,      0.0,    6.00,     6.00,   0.0060,   0.0000,    15.0, \
                 28.0,   3.0,   30.000,     9.000,      0.0,    6.00,     6.00,   0.0060,   0.0000,    15.0, \
                 29.0,   3.0,   30.000,    18.000,      0.0,    6.00,    12.00,   0.0060,   0.0000,    15.0, \
                 30.0,   3.0,   30.000,    33.000,      0.0,    6.00,    18.00,   0.0060,   0.0000,    15.0, \
                 31.0,   3.0,   36.000,     3.000,      0.0,    6.00,     6.00,   0.0060,   0.0000,    15.0, \
                 32.0,   3.0,   36.000,    12.000,      0.0,    6.00,    12.00,   0.0060,   0.0000,    15.0, \
                 33.0,   3.0,   36.000,    27.000,      0.0,    6.00,    18.00,   0.0060,   0.0000,    15.0, \
                 34.0,   3.0,   42.000,     6.000,      0.0,    6.00,    12.00,   0.0060,   0.0000,    15.0, \
                 35.0,   3.0,   42.000,    21.000,      0.0,    6.00,    18.00,   0.0060,   0.0000,    15.0, \
                 36.0,   3.0,   48.000,     9.000,      0.0,    6.00,    18.00,   0.0060,   0.0000,    15.0, \
                 37.0,   3.0,   -6.000,     1.000,      0.0,    6.00,     2.00,   0.0060,   0.0000,    15.0, \
                 38.0,   3.0,   -6.000,     4.000,      0.0,    6.00,     4.00,   0.0060,   0.0000,    15.0, \
                 39.0,   3.0,   -6.000,     9.000,      0.0,    6.00,     6.00,   0.0060,   0.0000,    15.0, \
                 40.0,   3.0,   -6.000,    15.000,      0.0,    6.00,     6.00,   0.0060,   0.0000,    15.0, \
                 41.0,   3.0,   -6.000,    24.000,      0.0,    6.00,    12.00,   0.0060,   0.0000,    15.0, \
                 42.0,   3.0,   -6.000,    39.000,      0.0,    6.00,    18.00,   0.0060,   0.0000,    15.0, \
                 43.0,   3.0,  -12.000,     2.000,      0.0,    6.00,     4.00,   0.0060,   0.0000,    15.0, \
                 44.0,   3.0,  -12.000,     7.000,      0.0,    6.00,     6.00,   0.0060,   0.0000,    15.0, \
                 45.0,   3.0,  -12.000,    13.000,      0.0,    6.00,     6.00,   0.0060,   0.0000,    15.0, \
                 46.0,   3.0,  -12.000,    22.000,      0.0,    6.00,    12.00,   0.0060,   0.0000,    15.0, \
                 47.0,   3.0,  -12.000,    37.000,      0.0,    6.00,    18.00,   0.0060,   0.0000,    15.0, \
                 48.0,   3.0,  -18.000,     2.000,      0.0,    6.00,     4.00,   0.0060,   0.0000,    15.0, \
                 49.0,   3.0,  -18.000,     7.000,      0.0,    6.00,     6.00,   0.0060,   0.0000,    15.0, \
                 50.0,   3.0,  -18.000,    13.000,      0.0,    6.00,     6.00,   0.0060,   0.0000,    15.0, \
                 51.0,   3.0,  -18.000,    22.000,      0.0,    6.00,    12.00,   0.0060,   0.0000,    15.0, \
                 52.0,   3.0,  -18.000,    37.000,      0.0,    6.00,    18.00,   0.0060,   0.0000,    15.0, \
                 53.0,   3.0,  -24.000,     3.000,      0.0,    6.00,     6.00,   0.0060,   0.0000,    15.0, \
                 54.0,   3.0,  -24.000,     9.000,      0.0,    6.00,     6.00,   0.0060,   0.0000,    15.0, \
                 55.0,   3.0,  -24.000,    18.000,      0.0,    6.00,    12.00,   0.0060,   0.0000,    15.0, \
                 56.0,   3.0,  -24.000,    33.000,      0.0,    6.00,    18.00,   0.0060,   0.0000,    15.0, \
                 57.0,   3.0,  -30.000,     3.000,      0.0,    6.00,     6.00,   0.0060,   0.0000,    15.0, \
                 58.0,   3.0,  -30.000,     9.000,      0.0,    6.00,     6.00,   0.0060,   0.0000,    15.0, \
                 59.0,   3.0,  -30.000,    18.000,      0.0,    6.00,    12.00,   0.0060,   0.0000,    15.0, \
                 60.0,   3.0,  -30.000,    33.000,      0.0,    6.00,    18.00,   0.0060,   0.0000,    15.0, \
                 61.0,   3.0,  -36.000,     3.000,      0.0,    6.00,     6.00,   0.0060,   0.0000,    15.0, \
                 62.0,   3.0,  -36.000,    12.000,      0.0,    6.00,    12.00,   0.0060,   0.0000,    15.0, \
                 63.0,   3.0,  -36.000,    27.000,      0.0,    6.00,    18.00,   0.0060,   0.0000,    15.0, \
                 64.0,   3.0,  -42.000,     6.000,      0.0,    6.00,    12.00,   0.0060,   0.0000,    15.0, \
                 65.0,   3.0,  -42.000,    21.000,      0.0,    6.00,    18.00,   0.0060,   0.0000,    15.0, \
                 66.0,   3.0,  -48.000,     9.000,      0.0,    6.00,    18.00,   0.0060,   0.0000,    15.0, \
                 67.0,   3.0,    0.000,    -3.500,    180.0,    6.00,     2.00,   0.0060,   0.0000,    15.0, \
                 68.0,   3.0,    0.000,    -6.500,    180.0,    6.00,     4.00,   0.0060,   0.0000,    15.0, \
                 69.0,   3.0,    0.000,   -11.500,    180.0,    6.00,     6.00,   0.0060,   0.0000,    15.0, \
                 70.0,   3.0,    0.000,   -17.500,    180.0,    6.00,     6.00,   0.0060,   0.0000,    15.0, \
                 71.0,   3.0,    0.000,   -26.500,    180.0,    6.00,    12.00,   0.0060,   0.0000,    15.0, \
                 72.0,   3.0,    0.000,   -41.500,    180.0,    6.00,    18.00,   0.0060,   0.0000,    15.0, \
                 73.0,   3.0,    6.000,    -1.000,    180.0,    6.00,     2.00,   0.0060,   0.0000,    15.0, \
                 74.0,   3.0,    6.000,    -4.000,    180.0,    6.00,     4.00,   0.0060,   0.0000,    15.0, \
                 75.0,   3.0,    6.000,    -9.000,    180.0,    6.00,     6.00,   0.0060,   0.0000,    15.0, \
                 76.0,   3.0,    6.000,   -15.000,    180.0,    6.00,     6.00,   0.0060,   0.0000,    15.0, \
                 77.0,   3.0,    6.000,   -24.000,    180.0,    6.00,    12.00,   0.0060,   0.0000,    15.0, \
                 78.0,   3.0,    6.000,   -39.000,    180.0,    6.00,    18.00,   0.0060,   0.0000,    15.0, \
                 79.0,   3.0,   12.000,    -2.000,    180.0,    6.00,     4.00,   0.0060,   0.0000,    15.0, \
                 80.0,   3.0,   12.000,    -7.000,    180.0,    6.00,     6.00,   0.0060,   0.0000,    15.0, \
                 81.0,   3.0,   12.000,   -13.000,    180.0,    6.00,     6.00,   0.0060,   0.0000,    15.0, \
                 82.0,   3.0,   12.000,   -22.000,    180.0,    6.00,    12.00,   0.0060,   0.0000,    15.0, \
                 83.0,   3.0,   12.000,   -37.000,    180.0,    6.00,    18.00,   0.0060,   0.0000,    15.0, \
                 84.0,   3.0,   18.000,    -2.000,    180.0,    6.00,     4.00,   0.0060,   0.0000,    15.0, \
                 85.0,   3.0,   18.000,    -7.000,    180.0,    6.00,     6.00,   0.0060,   0.0000,    15.0, \
                 86.0,   3.0,   18.000,   -13.000,    180.0,    6.00,     6.00,   0.0060,   0.0000,    15.0, \
                 87.0,   3.0,   18.000,   -22.000,    180.0,    6.00,    12.00,   0.0060,   0.0000,    15.0, \
                 88.0,   3.0,   18.000,   -37.000,    180.0,    6.00,    18.00,   0.0060,   0.0000,    15.0, \
                 89.0,   3.0,   24.000,    -3.000,    180.0,    6.00,     6.00,   0.0060,   0.0000,    15.0, \
                 90.0,   3.0,   24.000,    -9.000,    180.0,    6.00,     6.00,   0.0060,   0.0000,    15.0, \
                 91.0,   3.0,   24.000,   -18.000,    180.0,    6.00,    12.00,   0.0060,   0.0000,    15.0, \
                 92.0,   3.0,   24.000,   -33.000,    180.0,    6.00,    18.00,   0.0060,   0.0000,    15.0, \
                 93.0,   3.0,   30.000,    -3.000,    180.0,    6.00,     6.00,   0.0060,   0.0000,    15.0, \
                 94.0,   3.0,   30.000,    -9.000,    180.0,    6.00,     6.00,   0.0060,   0.0000,    15.0, \
                 95.0,   3.0,   30.000,   -18.000,    180.0,    6.00,    12.00,   0.0060,   0.0000,    15.0, \
                 96.0,   3.0,   30.000,   -33.000,    180.0,    6.00,    18.00,   0.0060,   0.0000,    15.0, \
                 97.0,   3.0,   36.000,    -3.000,    180.0,    6.00,     6.00,   0.0060,   0.0000,    15.0, \
                 98.0,   3.0,   36.000,   -12.000,    180.0,    6.00,    12.00,   0.0060,   0.0000,    15.0, \
                 99.0,   3.0,   36.000,   -27.000,    180.0,    6.00,    18.00,   0.0060,   0.0000,    15.0, \
                100.0,   3.0,   42.000,    -6.000,    180.0,    6.00,    12.00,   0.0060,   0.0000,    15.0, \
                101.0,   3.0,   42.000,   -21.000,    180.0,    6.00,    18.00,   0.0060,   0.0000,    15.0, \
                102.0,   3.0,   48.000,    -9.000,    180.0,    6.00,    18.00,   0.0060,   0.0000,    15.0, \
                103.0,   3.0,   -6.000,    -1.000,    180.0,    6.00,     2.00,   0.0060,   0.0000,    15.0, \
                104.0,   3.0,   -6.000,    -4.000,    180.0,    6.00,     4.00,   0.0060,   0.0000,    15.0, \
                105.0,   3.0,   -6.000,    -9.000,    180.0,    6.00,     6.00,   0.0060,   0.0000,    15.0, \
                106.0,   3.0,   -6.000,   -15.000,    180.0,    6.00,     6.00,   0.0060,   0.0000,    15.0, \
                107.0,   3.0,   -6.000,   -24.000,    180.0,    6.00,    12.00,   0.0060,   0.0000,    15.0, \
                108.0,   3.0,   -6.000,   -39.000,    180.0,    6.00,    18.00,   0.0060,   0.0000,    15.0, \
                109.0,   3.0,  -12.000,    -2.000,    180.0,    6.00,     4.00,   0.0060,   0.0000,    15.0, \
                110.0,   3.0,  -12.000,    -7.000,    180.0,    6.00,     6.00,   0.0060,   0.0000,    15.0, \
                111.0,   3.0,  -12.000,   -13.000,    180.0,    6.00,     6.00,   0.0060,   0.0000,    15.0, \
                112.0,   3.0,  -12.000,   -22.000,    180.0,    6.00,    12.00,   0.0060,   0.0000,    15.0, \
                113.0,   3.0,  -12.000,   -37.000,    180.0,    6.00,    18.00,   0.0060,   0.0000,    15.0, \
                114.0,   3.0,  -18.000,    -2.000,    180.0,    6.00,     4.00,   0.0060,   0.0000,    15.0, \
                115.0,   3.0,  -18.000,    -7.000,    180.0,    6.00,     6.00,   0.0060,   0.0000,    15.0, \
                116.0,   3.0,  -18.000,   -13.000,    180.0,    6.00,     6.00,   0.0060,   0.0000,    15.0, \
                117.0,   3.0,  -18.000,   -22.000,    180.0,    6.00,    12.00,   0.0060,   0.0000,    15.0, \
                118.0,   3.0,  -18.000,   -37.000,    180.0,    6.00,    18.00,   0.0060,   0.0000,    15.0, \
                119.0,   3.0,  -24.000,    -3.000,    180.0,    6.00,     6.00,   0.0060,   0.0000,    15.0, \
                120.0,   3.0,  -24.000,    -9.000,    180.0,    6.00,     6.00,   0.0060,   0.0000,    15.0, \
                121.0,   3.0,  -24.000,   -18.000,    180.0,    6.00,    12.00,   0.0060,   0.0000,    15.0, \
                122.0,   3.0,  -24.000,   -33.000,    180.0,    6.00,    18.00,   0.0060,   0.0000,    15.0, \
                123.0,   3.0,  -30.000,    -3.000,    180.0,    6.00,     6.00,   0.0060,   0.0000,    15.0, \
                124.0,   3.0,  -30.000,    -9.000,    180.0,    6.00,     6.00,   0.0060,   0.0000,    15.0, \
                125.0,   3.0,  -30.000,   -18.000,    180.0,    6.00,    12.00,   0.0060,   0.0000,    15.0, \
                126.0,   3.0,  -30.000,   -33.000,    180.0,    6.00,    18.00,   0.0060,   0.0000,    15.0, \
                127.0,   3.0,  -36.000,    -3.000,    180.0,    6.00,     6.00,   0.0060,   0.0000,    15.0, \
                128.0,   3.0,  -36.000,   -12.000,    180.0,    6.00,    12.00,   0.0060,   0.0000,    15.0, \
                129.0,   3.0,  -36.000,   -27.000,    180.0,    6.00,    18.00,   0.0060,   0.0000,    15.0, \
                130.0,   3.0,  -42.000,    -6.000,    180.0,    6.00,    12.00,   0.0060,   0.0000,    15.0, \
                131.0,   3.0,  -42.000,   -21.000,    180.0,    6.00,    18.00,   0.0060,   0.0000,    15.0, \
                132.0,   3.0,  -48.000,    -9.000,    180.0,    6.00,    18.00,   0.0060,   0.0000,    15.0 
#################################################