##############################################################################
# Class:   FairTutorialDetMissallignPar
# Context: TestDefaultContext
##############################################################################
[FairTutorialDetMissallignPar]
//----------------------------------------------------------------------------
NrOfDetectors:  Int_t 40
ShiftX:  Double_t \ 
  0 0.999484 -0.434764 -0.536687 0.914954 0.0800873 0.519888 -0.368725 0.0393442 -0.0489405 \
  -0.556665 -0.93933 -0.611702 0.159863 0.331128 0.121257 -0.406949 -0.874165 0.450837 0.42777 \
  0.398534 -0.741515 -0.58444 -0.83365 0.0947428 -0.415717 -0.545764 -0.718534 0.373894 -0.118358 \
  -0.377407 -0.635178 0.481576 -0.678382 0.255673 0.396393 -0.819785 -0.809572 -0.0506533 0 
ShiftY:  Double_t \ 
  0 0 0 0 0 0 0 0 0 0 \
  0 0 0 0 0 0 0 0 0 0 \
  0 0 0 0 0 0 0 0 0 0 \
  0 0 0 0 0 0 0 0 0 0 
##############################################################################
