##############################################################################
# Class:   FairTutorialDetMissallignPar
# Context: TestDefaultContext
##############################################################################
[FairTutorialDetMissallignPar]
//----------------------------------------------------------------------------
NrOfDetectors:  Int_t  40 
ShiftX:  Double_t \
  0. 0. 0. 0. 0. 0. 0. 0. 0. 0. \
  0. 0. 0. 0. 0. 0. 0. 0. 0. 0. \
  0. 0. 0. 0. 0. 0. 0. 0. 0. 0. \
  0. 0. 0. 0. 0. 0. 0. 0. 0. 0. 
ShiftY:  Double_t \
  0. 0. 0. 0. 0. 0. 0. 0. 0. 0. \
  0. 0. 0. 0. 0. 0. 0. 0. 0. 0. \
  0. 0. 0. 0. 0. 0. 0. 0. 0. 0. \
  0. 0. 0. 0. 0. 0. 0. 0. 0. 0. 
####################