##############################################################################
# Class:   FairTutorialDet4MissallignPar
# Context: TestDefaultContext
##############################################################################
[FairTutorialDet4MissallignPar]
//----------------------------------------------------------------------------
NrOfDetectors:  Int_t 40
ShiftX:  Double_t \ 
  0 10.999484 0.914954 -0.368725 -0.556665 0.159863 -0.406949 0.42777 -0.58444 -0.415717 \
  0.373894 -0.635178 0.255673 -0.809572 0.960873 -0.217791 -0.00221195 -0.515861 0.111937 -0.886005 \
  0.328859 -0.73824 0.245749 -0.488189 -0.701467 0.655826 0.694253 -0.0560446 0.307088 -0.517722 \
  0.737682 0.227649 0.15992 -0.401333 0.0764882 -0.517504 0.61086 -0.732607 0.387138 0 
ShiftY:  Double_t \ 
  0 -0.67418 0.488611 0.608806 -0.573619 0.79661 -0.765182 -0.800848 -0.422179 0.783247 \
  -0.658658 0.022064 0.355207 -0.126916 -0.25914 0.243913 0.447604 -0.237882 0.433682 0.640144 \
  0.370378 -0.0311154 0.967312 0.277891 0.993447 -0.432372 0.298512 0.886675 0.365518 -0.473643 \
  -0.992494 0.931536 0.365605 -0.360893 -0.183037 -0.230762 -0.670215 -0.490478 0.000709378 0 
ShiftZ:  Double_t \ 
  0 0 0 0 0 0 0 0 0 0 \
  0 0 0 0 0 0 0 0 0 0 \
  0 0 0 0 0 0 0 0 0 0 \
  0 0 0 0 0 0 0 0 0 0 
RotationX:  Double_t \ 
  0 0 0 0 0 0 0 0 0 0 \
  0 0 0 0 0 0 0 0 0 0 \
  0 0 0 0 0 0 0 0 0 0 \
  0 0 0 0 0 0 0 0 0 0 
RotationY:  Double_t \ 
  0 0 0 0 0 0 0 0 0 0 \
  0 0 0 0 0 0 0 0 0 0 \
  0 0 0 0 0 0 0 0 0 0 \
  0 0 0 0 0 0 0 0 0 0 
RotationZ:  Double_t \ 
  0 0 0 0 0 0 0 0 0 0 \
  0 0 0 0 0 0 0 0 0 0 \
  0 0 0 0 0 0 0 0 0 0 \
  0 0 0 0 0 0 0 0 0 0 
##############################################################################
#  5. 10. 15. 20. 25. 30. 40. 45. 50. 55. \
