##############################################################################
# Class:   FairTutorialDetMissallignPar
# Context: TestDefaultContext
##############################################################################
[FairTutorialDetMissallignPar]
//----------------------------------------------------------------------------
NrOfDetectors:  Int_t  40
ShiftX:  Double_t \
  1. 1. 1. 1. 1. 1. 1. 1. 1. 1. \
  1. 1. 1. 1. 1. 1. 1. 1. 1. 1. \
  1. 1. 1. 1. 1. 1. 1. 1. 1. 1. \
  1. 1. 1. 1. 1. 1. 1. 1. 1. 1.
ShiftY:  Double_t \
  1. 1. 1. 1. 1. 1. 1. 1. 1. 1. \
  1. 1. 1. 1. 1. 1. 1. 1. 1. 1. \
  1. 1. 1. 1. 1. 1. 1. 1. 1. 1. \
  1. 1. 1. 1. 1. 1. 1. 1. 1. 1.
####################